+0002012793
+0011653046
-0000009602
+0000000000
+0000458592
+0000000000
+0000888646
+0000033333
00
+0002023165
+0011653046
-0000045251
+0000000000
+0000713175
+0000000000
+0000700985
+0000041251
00
+0002039928
+0011653046
-0000102864
+0000000000
+0000844566
+0000000000
+0000535449
+0000033333
00
+0002067864
+0011653046
-0000198886
+0000000000
+0000911499
+0000000000
+0000411301
+0000033333
00
+0002109770
+0011653046
-0000342918
+0000000000
+0000946114
+0000000000
+0000323830
+0000033333
00
+0002168437
+0011653046
-0000544563
+0000000000
+0000964556
+0000000000
+0000263875
+0000033333
00
+0002246661
+0011653046
-0000813424
+0000000000
+0000974746
+0000000000
+0000223314
+0000033333
00
+0002347234
+0011653046
-0001159101
+0000000000
+0000980593
+0000000000
+0000196052
+0000033333
00
+0002472950
+0011653046
-0001591198
+0000000000
+0000984068
+0000000000
+0000177791
+0000033333
00
+0002778607
+0011653046
-0002057734
+0000000000
+0000976799
+0000000000
+0000214155
+0000033333
00
+0003132382
+0011653046
-0002494997
+0000000000
+0000967090
+0000000000
+0000254430
+0000033333
00
+0003504179
+0011653046
-0002925100
+0000000000
+0000958155
+0000000000
+0000286247
+0000033333
00
+0003878525
+0011653046
-0003354621
+0000000000
+0000951408
+0000000000
+0000307930
+0000033700
00
+0004248945
+0011653046
-0003773700
+0000000000
+0000946262
+0000000000
+0000323398
+0000033333
00
+0004619365
+0011653046
-0004192780
+0000000000
+0000942692
+0000000000
+0000333662
+0000033333
00
+0004989785
+0011653046
-0004611859
+0000000000
+0000940250
+0000000000
+0000340483
+0000033333
00
+0005360205
+0011653046
-0005030938
+0000000000
+0000938595
+0000000000
+0000345020
+0000033333
00
+0005728937
+0012521912
-0005450509
+0000000000
+0000934006
+0000000000
+0000357256
+0000033333
04
+0006081008
+0013359680
-0005851121
+0000000000
+0000934006
+0000000000
+0000357256
+0000033333
04
+0006433079
+0014166321
-0006251734
+0000000000
+0000934006
+0000000000
+0000357256
+0000033333
04
+0006785743
+0014941895
-0006651824
+0000000000
+0000934006
+0000000000
+0000357256
+0000033333
04
+0007140044
+0015686340
-0007050466
+0000000000
+0000934006
+0000000000
+0000357256
+0000033333
04
+0007501537
+0016408447
-0007451874
+0000000000
+0000934006
+0000000000
+0000357256
+0000033761
04
+0007861286
+0017090270
-0007845607
+0000000000
+0000934006
+0000000000
+0000357256
+0000033333
04
+0008224416
+0017740966
-0008236219
+0000000000
+0000934006
+0000000000
+0000357256
+0000033333
04
+0008591660
+0018360596
-0008622974
+0000000000
+0000934006
+0000000000
+0000357256
+0000033333
04
+0008963260
+0018949096
-0009005543
+0000000000
+0000934006
+0000000000
+0000357256
+0000033333
04
+0009339148
+0019506470
-0009383898
+0000000000
+0000934006
+0000000000
+0000357256
+0000033333
04
+0009719260
+0020032714
-0009758009
+0000000000
+0000934006
+0000000000
+0000357256
+0000033333
04
+0010375151
+0020901612
-0010120237
+0000000000
+0000861232
+0000000000
+0000508211
+0000033333
04
+0010842086
+0021739380
-0010377950
+0000000000
+0000861232
+0000000000
+0000508211
+0000033333
04
+0011320524
+0022565002
-0010641788
+0000000000
+0000861232
+0000000000
+0000508211
+0000034147
04
+0011792691
+0023347656
-0010901679
+0000000000
+0000861232
+0000000000
+0000508211
+0000033685
04
+0012260097
+0024091004
-0011158539
+0000000000
+0000861232
+0000000000
+0000508211
+0000033333
04
+0012727668
+0024803222
-0011415096
+0000000000
+0000861232
+0000000000
+0000508211
+0000033333
04
+0013195397
+0025484376
-0011671365
+0000000000
+0000861232
+0000000000
+0000508211
+0000033333
04
+0013663373
+0026134400
-0011927183
+0000000000
+0000861232
+0000000000
+0000508211
+0000033333
04
+0014149212
+0026775330
-0012192008
+0000000000
+0000861232
+0000000000
+0000508211
+0000034582
04
+0014617717
+0027361938
-0012446856
+0000000000
+0000861232
+0000000000
+0000508211
+0000033333
04
+0015086153
+0027917480
-0012701832
+0000000000
+0000861232
+0000000000
+0000508211
+0000033333
04
+0015722252
+0028614502
-0013048201
+0000000000
+0000861232
+0000000000
+0000508211
+0000045268
04
+0016191360
+0029096680
-0013301935
+0000000000
+0000861232
+0000000000
+0000508211
+0000033333
04
+0016683994
+0029567566
-0013565305
+0000000000
+0000861232
+0000000000
+0000508211
+0000034913
04
+0017155698
+0029986022
-0013814182
+0000000000
+0000861232
+0000000000
+0000508211
+0000033333
04
+0017628644
+0030373352
-0014060690
+0000000000
+0000861232
+0000000000
+0000508211
+0000033333
04
+0018102566
+0030729614
-0014305318
+0000000000
+0000861232
+0000000000
+0000508211
+0000033333
04
+0018576294
+0031054748
-0014550322
+0000000000
+0000861232
+0000000000
+0000508211
+0000033333
04
+0019067818
+0031358642
-0014804637
+0000000000
+0000861232
+0000000000
+0000508211
+0000034588
04
+0019552172
+0031625854
-0015056601
+0000000000
+0000861232
+0000000000
+0000508211
+0000034123
04
+0020024416
+0031855712
-0015304452
+0000000000
+0000861232
+0000000000
+0000508211
+0000033333
04
+0020494358
+0032054504
-0015556641
+0000000000
+0000861232
+0000000000
+0000508211
+0000033333
04
+0020962550
+0032222168
-0015812065
+0000000000
+0000861232
+0000000000
+0000508211
+0000033333
04
+0021429546
+0032358704
-0016069668
+0000000000
+0000861232
+0000000000
+0000508211
+0000033333
04
+0021914686
+0032467468
-0016344872
+0000000000
+0000861232
+0000000000
+0000508211
+0000034860
04
+0022375954
+0032540406
-0016612598
+0000000000
+0000861232
+0000000000
+0000508211
+0000033333
04
+0022835042
+0032582214
-0016884042
+0000000000
+0000861232
+0000000000
+0000508211
+0000033333
04
+0023328736
+0032591064
-0017180202
+0000000000
+0000861232
+0000000000
+0000508211
+0000035981
04
+0023786900
+0032568176
-0017453206
+0000000000
+0000861232
+0000000000
+0000508211
+0000033333
04
+0024245840
+0032514160
-0017724900
+0000000000
+0000861232
+0000000000
+0000508211
+0000033333
04
+0024709756
+0032429016
-0017988006
+0000000000
+0000861232
+0000000000
+0000508211
+0000033333
04
+0025179988
+0032312806
-0018239652
+0000000000
+0000861232
+0000000000
+0000508211
+0000033333
04
+0025656392
+0032165466
-0018479414
+0000000000
+0000861232
+0000000000
+0000508211
+0000033333
04
+0026138504
+0031987000
-0018707476
+0000000000
+0000861232
+0000000000
+0000508211
+0000033333
04
+0026625862
+0031777466
-0018924098
+0000000000
+0000861232
+0000000000
+0000508211
+0000033333
04
+0027132686
+0031528686
-0019135442
+0000000000
+0000861232
+0000000000
+0000508211
+0000034320
04
+0027638044
+0031250672
-0019333012
+0000000000
+0000861232
+0000000000
+0000508211
+0000033912
04
+0028138016
+0030946290
-0019518678
+0000000000
+0000861232
+0000000000
+0000508211
+0000033333
04
+0028637988
+0030610840
-0019704346
+0000000000
+0000861232
+0000000000
+0000508211
+0000033333
04
+0029137958
+0030244262
-0019890012
+0000000000
+0000861232
+0000000000
+0000508211
+0000033333
04
+0029637930
+0029846558
-0020075680
+0000000000
+0000861232
+0000000000
+0000508211
+0000033333
04
+0030155784
+0029401246
-0020267986
+0000000000
+0000861232
+0000000000
+0000508211
+0000034525
04
+0030655670
+0028940246
-0020453610
+0000000000
+0000861232
+0000000000
+0000508211
+0000033333
04
+0031154542
+0028448120
-0020639278
+0000000000
+0000861232
+0000000000
+0000508211
+0000033333
04
+0031682436
+0027889710
-0020836812
+0000000000
+0000861232
+0000000000
+0000508211
+0000035439
04
+0032175046
+0027333374
-0021022812
+0000000000
+0000861232
+0000000000
+0000508211
+0000033333
04
+0032661782
+0026745910
-0021209122
+0000000000
+0000861232
+0000000000
+0000508211
+0000033333
04
+0033140296
+0026127380
-0021395866
+0000000000
+0000861232
+0000000000
+0000508211
+0000033333
04
+0033607848
+0025477722
-0021583190
+0000000000
+0000861232
+0000000000
+0000508211
+0000033333
04
+0034061308
+0024353028
-0021771262
+0000000000
+0000851646
+0000000000
+0000524117
+0000033333
04
+0033616736
+0024353028
-0021792478
+0000000000
+0000993516
+0000000000
+0000113687
+0000033333
00
+0033084152
+0024353028
-0021816732
+0000000000
+0000984153
+0000000000
-0000177315
+0000033333
00
+0032336342
+0024353028
-0021844940
+0000000000
+0000930743
+0000000000
-0000365671
+0000046443
00
+0031799628
+0024353028
-0021865184
+0000000000
+0000875133
+0000000000
-0000483882
+0000033333
00
+0031269906
+0024353028
-0021867346
+0000000000
+0000826551
+0000000000
-0000562861
+0000033333
00
+0030741676
+0024353028
-0021862408
+0000000000
+0000788813
+0000000000
-0000614632
+0000033333
00
+0030213446
+0024353028
-0021857470
+0000000000
+0000761846
+0000000000
-0000647757
+0000033333
00
+0029685214
+0024353028
-0021852532
+0000000000
+0000743093
+0000000000
-0000669187
+0000033333
00
+0029156064
+0024353028
-0021841240
+0000000000
+0000728888
+0000000000
-0000684632
+0000033333
00
+0028626912
+0024353028
-0021829948
+0000000000
+0000719240
+0000000000
-0000694761
+0000033333
00
+0028072740
+0024353028
-0021818122
+0000000000
+0000712729
+0000000000
-0000701438
+0000034909
00
+0027819386
+0024353028
-0021691600
+0000000000
+0000654505
+0000000000
-0000756057
+0000034054
00
+0027819386
+0024353028
-0021691600
+0000000000
+0000592109
+0000000000
-0000805857
+0000033333
01
+0027822314
+0024353028
-0021693064
+0000000000
+0000904691
+0000000000
-0000426067
+0000034387
00
+0027853088
+0024353028
-0021696742
+0000000000
+0000998676
+0000000000
-0000051423
+0000033333
00
+0027916204
+0024353028
-0021704654
+0000000000
+0000978710
+0000000000
+0000205243
+0000033333
00
+0028019928
+0024353028
-0021720788
+0000000000
+0000930913
+0000000000
+0000365239
+0000033333
00
+0028174188
+0025221924
-0021747636
+0000000000
+0000647564
+0000000000
+0000762010
+0000033333
04
+0028376114
+0026251708
-0021783016
+0000000000
+0000647564
+0000000000
+0000762010
+0000041341
04
+0028550280
+0027050904
-0021813878
+0000000000
+0000647564
+0000000000
+0000762010
+0000033333
04
+0028738958
+0027818970
-0021847908
+0000000000
+0000647564
+0000000000
+0000762010
+0000033333
04
+0028945778
+0028555970
-0021885902
+0000000000
+0000647564
+0000000000
+0000762010
+0000033333
04
+0029174004
+0029261840
-0021928784
+0000000000
+0000647564
+0000000000
+0000762010
+0000033333
04
+0029423604
+0029936584
-0021976612
+0000000000
+0000647564
+0000000000
+0000762010
+0000033333
04
+0029698592
+0030589294
-0022030170
+0000000000
+0000647564
+0000000000
+0000762010
+0000033826
04
+0029990942
+0031201354
-0022087896
+0000000000
+0000647564
+0000000000
+0000762010
+0000033333
04
+0030316120
+0031802368
-0022152858
+0000000000
+0000647564
+0000000000
+0000762010
+0000034550
04
+0030652454
+0032352966
-0022220732
+0000000000
+0000647564
+0000000000
+0000762010
+0000033456
04
+0031028638
+0032897216
-0022297316
+0000000000
+0000647564
+0000000000
+0000762010
+0000035176
04
+0031406490
+0033381836
-0022374836
+0000000000
+0000647564
+0000000000
+0000762010
+0000033333
04
+0031805718
+0033835388
-0022457306
+0000000000
+0000647564
+0000000000
+0000762010
+0000033333
04
+0032226318
+0034257812
-0022544724
+0000000000
+0000647564
+0000000000
+0000762010
+0000033333
04
+0032668296
+0034649108
-0022637090
+0000000000
+0000647564
+0000000000
+0000762010
+0000033333
04
+0033131650
+0035009340
-0022734406
+0000000000
+0000647564
+0000000000
+0000762010
+0000033333
04
+0033764832
+0035426756
-0022867988
+0000000000
+0000647564
+0000000000
+0000762010
+0000043542
04
+0034270936
+0035715208
-0022975200
+0000000000
+0000647564
+0000000000
+0000762010
+0000033333
04
+0034792608
+0035972536
-0023086126
+0000000000
+0000647564
+0000000000
+0000762010
+0000033333
04
+0035314156
+0036198792
-0023197614
+0000000000
+0000647564
+0000000000
+0000762010
+0000033333
04
+0035853216
+0036399720
-0023318282
+0000000000
+0000647564
+0000000000
+0000762010
+0000034525
04
+0036379780
+0036564452
-0023441284
+0000000000
+0000647564
+0000000000
+0000762010
+0000033796
04
+0036898028
+0036695800
-0023567226
+0000000000
+0000647564
+0000000000
+0000762010
+0000033333
04
+0037415180
+0036796020
-0023697610
+0000000000
+0000647564
+0000000000
+0000762010
+0000033333
04
+0037932232
+0036865236
-0023832522
+0000000000
+0000647564
+0000000000
+0000762010
+0000033397
04
+0038447200
+0036903200
-0023971268
+0000000000
+0000647564
+0000000000
+0000762010
+0000033333
04
+0038961092
+0036910036
-0024113948
+0000000000
+0000647564
+0000000000
+0000762010
+0000033333
04
+0039473924
+0036885804
-0024260406
+0000000000
+0000647564
+0000000000
+0000762010
+0000033333
04
+0039985704
+0036830444
-0024410490
+0000000000
+0000647564
+0000000000
+0000762010
+0000033333
04
+0040496448
+0036743956
-0024564056
+0000000000
+0000647564
+0000000000
+0000762010
+0000033333
04
+0041019408
+0036622496
-0024725038
+0000000000
+0000647564
+0000000000
+0000762010
+0000034198
04
+0041528140
+0036472960
-0024885156
+0000000000
+0000647564
+0000000000
+0000762010
+0000033333
04
+0042035892
+0036292360
-0025048358
+0000000000
+0000647564
+0000000000
+0000762010
+0000033333
04
+0042542684
+0036080628
-0025214516
+0000000000
+0000647564
+0000000000
+0000762010
+0000033333
04
+0043048532
+0035837768
-0025383514
+0000000000
+0000647564
+0000000000
+0000762010
+0000033333
04
+0043553460
+0035563844
-0025555240
+0000000000
+0000647564
+0000000000
+0000762010
+0000033333
04
+0044057492
+0035258788
-0025729586
+0000000000
+0000647564
+0000000000
+0000762010
+0000033333
04
+0044607176
+0036127684
-0026004092
+0000000000
+0000850521
+0000000000
+0000525939
+0000033333
04
+0045084324
+0036965456
-0026242370
+0000000000
+0000850521
+0000000000
+0000525939
+0000033333
04
+0045561472
+0037772096
-0026480650
+0000000000
+0000850521
+0000000000
+0000525939
+0000033333
04
+0046042840
+0038554260
-0026721038
+0000000000
+0000850521
+0000000000
+0000525939
+0000033628
04
+0046519984
+0039298400
-0026959318
+0000000000
+0000850521
+0000000000
+0000525939
+0000033333
04
+0046997132
+0040011476
-0027197598
+0000000000
+0000850521
+0000000000
+0000525939
+0000033333
04
+0047478628
+0040699340
-0027438050
+0000000000
+0000850521
+0000000000
+0000525939
+0000033637
04
+0047955772
+0041349916
-0027676328
+0000000000
+0000850521
+0000000000
+0000525939
+0000033333
04
+0048432920
+0041969360
-0027914608
+0000000000
+0000850521
+0000000000
+0000525939
+0000033333
04
+0048910064
+0042557680
-0028152888
+0000000000
+0000850521
+0000000000
+0000525939
+0000033333
04
+0049387212
+0043114868
-0028391166
+0000000000
+0000850521
+0000000000
+0000525939
+0000033333
04
+0049864356
+0043640992
-0028629446
+0000000000
+0000850521
+0000000000
+0000525939
+0000033333
04
+0050341504
+0044135988
-0028867726
+0000000000
+0000850521
+0000000000
+0000525939
+0000033333
04
+0050818648
+0044599852
-0029106004
+0000000000
+0000850521
+0000000000
+0000525939
+0000033333
04
+0051295796
+0045032652
-0029344284
+0000000000
+0000850521
+0000000000
+0000525939
+0000033333
04
+0051772940
+0045434328
-0029582564
+0000000000
+0000850521
+0000000000
+0000525939
+0000033333
04
+0052250088
+0045804872
-0029820842
+0000000000
+0000850521
+0000000000
+0000525939
+0000033333
04
+0052741304
+0046151184
-0030057588
+0000000000
+0000850521
+0000000000
+0000525939
+0000034080
04
+0053228388
+0046458800
-0030274822
+0000000000
+0000850521
+0000000000
+0000525939
+0000033333
04
+0053722748
+0046735352
-0030474960
+0000000000
+0000850521
+0000000000
+0000525939
+0000033333
04
+0054247720
+0046990784
-0030665444
+0000000000
+0000850521
+0000000000
+0000525939
+0000034903
04
+0054755616
+0047203612
-0030828192
+0000000000
+0000850521
+0000000000
+0000525939
+0000033333
04
+0055269352
+0047385316
-0030971440
+0000000000
+0000850521
+0000000000
+0000525939
+0000033333
04
+0055788340
+0047535948
-0031094300
+0000000000
+0000850521
+0000000000
+0000525939
+0000033333
04
+0056322988
+0047657288
-0031198328
+0000000000
+0000850521
+0000000000
+0000525939
+0000034042
04
+0056848688
+0047744996
-0031278970
+0000000000
+0000850521
+0000000000
+0000525939
+0000033333
04
+0057375452
+0047801636
-0031338306
+0000000000
+0000850521
+0000000000
+0000525939
+0000033333
04
+0057902156
+0047827148
-0031376308
+0000000000
+0000850521
+0000000000
+0000525939
+0000033333
04
+0058560288
+0047808592
-0031402590
+0000000000
+0000850521
+0000000000
+0000525939
+0000042823
04
+0059054616
+0047763000
-0031408720
+0000000000
+0000850521
+0000000000
+0000525939
+0000033333
04
+0059528544
+0047686280
-0031407322
+0000000000
+0000850521
+0000000000
+0000525939
+0000033349
04
+0059980648
+0047578492
-0031401724
+0000000000
+0000850521
+0000000000
+0000525939
+0000033333
04
+0060410656
+0047439576
-0031396150
+0000000000
+0000850521
+0000000000
+0000525939
+0000033333
04
+0060818916
+0047269532
-0031392128
+0000000000
+0000850521
+0000000000
+0000525939
+0000033333
04
+0061206668
+0047068360
-0031393974
+0000000000
+0000850521
+0000000000
+0000525939
+0000033333
04
+0061579768
+0046831908
-0031401812
+0000000000
+0000850521
+0000000000
+0000525939
+0000033865
04
+0061931212
+0046564024
-0031415578
+0000000000
+0000850521
+0000000000
+0000525939
+0000033786
04
+0062257436
+0046268616
-0031435030
+0000000000
+0000850521
+0000000000
+0000525939
+0000033333
04
+0062563144
+0045942140
-0031460348
+0000000000
+0000850521
+0000000000
+0000525939
+0000033333
04
+0062848244
+0045584532
-0031491168
+0000000000
+0000850521
+0000000000
+0000525939
+0000033333
04
+0063112600
+0045195800
-0031526972
+0000000000
+0000850521
+0000000000
+0000525939
+0000033333
04
+0063355980
+0044775940
-0031566670
+0000000000
+0000850521
+0000000000
+0000525939
+0000033333
04
+0063585596
+0044308960
-0031610576
+0000000000
+0000850521
+0000000000
+0000525939
+0000034440
04
+0063786556
+0043825868
-0031654726
+0000000000
+0000850521
+0000000000
+0000525939
+0000033333
04
+0063966192
+0043311644
-0031699420
+0000000000
+0000850521
+0000000000
+0000525939
+0000033333
04
+0064124496
+0042766356
-0031743550
+0000000000
+0000850521
+0000000000
+0000525939
+0000033333
04
+0064292032
+0042053224
-0031795446
+0000000000
+0000850521
+0000000000
+0000525939
+0000040749
04
+0064407952
+0041438780
-0031834872
+0000000000
+0000850521
+0000000000
+0000525939
+0000033333
04
+0064502944
+0040793212
-0031870172
+0000000000
+0000850521
+0000000000
+0000525939
+0000033333
04
+0064577248
+0040116516
-0031900264
+0000000000
+0000850521
+0000000000
+0000525939
+0000033333
04
+0064631044
+0039408692
-0031924494
+0000000000
+0000850521
+0000000000
+0000525939
+0000033333
04
+0064664320
+0038669800
-0031942858
+0000000000
+0000850521
+0000000000
+0000525939
+0000033333
04
+0064678712
+0037899780
-0031949692
+0000000000
+0000850521
+0000000000
+0000525939
+0000033333
04
+0064680872
+0036937316
-0031934580
+0000000000
+0000850521
+0000000000
+0000525939
+0000039748
04
+0064673156
+0036099060
-0031901594
+0000000000
+0000850521
+0000000000
+0000525939
+0000033333
04
+0064657532
+0035229736
-0031847664
+0000000000
+0000850521
+0000000000
+0000525939
+0000033333
04
+0064635032
+0034329284
-0031772134
+0000000000
+0000850521
+0000000000
+0000525939
+0000033333
04
+0064607216
+0033353028
-0031674868
+0000000000
+0000590400
+0000000000
+0000807109
+0000033333
04
+0064474268
+0033353028
-0031131444
+0000000000
+0000371891
+0000000000
+0000928275
+0000033333
00
+0064334168
+0033353028
-0030558816
+0000000000
+0000212409
+0000000000
+0000977180
+0000035124
00
+0064201216
+0033353028
-0030015392
+0000000000
+0000102522
+0000000000
+0000994730
+0000033333
00
+0064068268
+0033353028
-0029471970
+0000000000
+0000028473
+0000000000
+0000999594
+0000033333
00
+0063935316
+0033353028
-0028928546
+0000000000
-0000021003
+0000000000
+0000999779
+0000033333
00
+0063795032
+0033353028
-0028355166
+0000000000
-0000053968
+0000000000
+0000998542
+0000035171
00
+0063662080
+0033353028
-0027811742
+0000000000
-0000075913
+0000000000
+0000997114
+0000033333
00
+0063530880
+0034221924
-0027268822
+0000000000
-0000140085
+0000000000
+0000990139
+0000033333
04
+0063405600
+0035059692
-0026750410
+0000000000
-0000140085
+0000000000
+0000990139
+0000033333
04
+0063280324
+0035866332
-0026231998
+0000000000
-0000140085
+0000000000
+0000990139
+0000033333
04
+0063155044
+0036641908
-0025713586
+0000000000
-0000140085
+0000000000
+0000990139
+0000033333
04
+0063029768
+0037386352
-0025195176
+0000000000
-0000140085
+0000000000
+0000990139
+0000033333
04
+0062904792
+0038099672
-0024676692
+0000000000
-0000140085
+0000000000
+0000990139
+0000033333
04
+0062733276
+0039028136
-0023958064
+0000000000
-0000140085
+0000000000
+0000990139
+0000046175
04
+0062612028
+0039667236
-0023438696
+0000000000
-0000140085
+0000000000
+0000990139
+0000033333
04
+0062493696
+0040275268
-0022918656
+0000000000
-0000140085
+0000000000
+0000990139
+0000033333
04
+0062379424
+0040852172
-0022397706
+0000000000
-0000140085
+0000000000
+0000990139
+0000033333
04
+0062269612
+0041397948
-0021875802
+0000000000
-0000140085
+0000000000
+0000990139
+0000033333
04
+0062164084
+0041912596
-0021353012
+0000000000
-0000140085
+0000000000
+0000990139
+0000033333
04
+0062062688
+0042396180
-0020829406
+0000000000
-0000140085
+0000000000
+0000990139
+0000033333
04
+0061960260
+0042870180
-0020278132
+0000000000
-0000140085
+0000000000
+0000990139
+0000035044
04
+0061858428
+0043323852
-0019706960
+0000000000
-0000140085
+0000000000
+0000990139
+0000036261
04
+0061768496
+0043709776
-0019181264
+0000000000
-0000140085
+0000000000
+0000990139
+0000033333
04
+0061682100
+0044064576
-0018654976
+0000000000
-0000140085
+0000000000
+0000990139
+0000033333
04
+0061599100
+0044388244
-0018128142
+0000000000
-0000140085
+0000000000
+0000990139
+0000033333
04
+0061519364
+0044680788
-0017600802
+0000000000
-0000140085
+0000000000
+0000990139
+0000033333
04
+0061522912
+0045552552
-0016990428
+0000000000
+0000002905
+0000000000
+0000999995
+0000033446
04
+0061526228
+0046399780
-0016450775
+0000000000
+0000002905
+0000000000
+0000999995
+0000033729
04
+0061529700
+0047205992
-0015917453
+0000000000
+0000002905
+0000000000
+0000999995
+0000033333
04
+0061533600
+0047987548
-0015379494
+0000000000
+0000002905
+0000000000
+0000999995
+0000033623
04
+0061537908
+0048731264
-0014846178
+0000000000
+0000002905
+0000000000
+0000999995
+0000033333
04
+0061544380
+0049596924
-0014191847
+0000000000
+0000002905
+0000000000
+0000999995
+0000040897
04
+0061550720
+0050271364
-0013658551
+0000000000
+0000002905
+0000000000
+0000999995
+0000033333
04
+0061558220
+0050914672
-0013125271
+0000000000
+0000002905
+0000000000
+0000999995
+0000033333
04
+0061567052
+0051527772
-0012591172
+0000000000
+0000002905
+0000000000
+0000999995
+0000033385
04
+0061580672
+0052110900
-0012055966
+0000000000
+0000002905
+0000000000
+0000999995
+0000033461
04
+0061597760
+0052660704
-0011522906
+0000000000
+0000002905
+0000000000
+0000999995
+0000033333
04
+0061618384
+0053210020
-0010956291
+0000000000
+0000002905
+0000000000
+0000999995
+0000035436
04
+0061638876
+0053695616
-0010423351
+0000000000
+0000002905
+0000000000
+0000999995
+0000033333
04
+0061659348
+0054150148
-0009890411
+0000000000
+0000002905
+0000000000
+0000999995
+0000033333
04
+0061678728
+0054573548
-0009357430
+0000000000
+0000002905
+0000000000
+0000999995
+0000033333
04
+0061695980
+0054965820
-0008824376
+0000000000
+0000002905
+0000000000
+0000999995
+0000033333
04
+0061710128
+0055326964
-0008291230
+0000000000
+0000002905
+0000000000
+0000999995
+0000033333
04
+0061720520
+0055665528
-0007742763
+0000000000
+0000002905
+0000000000
+0000999995
+0000034285
04
+0061726728
+0055963564
-0007209466
+0000000000
+0000002905
+0000000000
+0000999995
+0000033333
04
+0061729196
+0056231324
-0006674249
+0000000000
+0000002905
+0000000000
+0000999995
+0000033451
04
+0061728048
+0056467040
-0006140917
+0000000000
+0000002905
+0000000000
+0000999995
+0000033333
04
+0061723432
+0056671632
-0005607603
+0000000000
+0000002905
+0000000000
+0000999995
+0000033333
04
+0061713640
+0056876404
-0004951088
+0000000000
+0000002905
+0000000000
+0000999995
+0000041036
04
+0061702472
+0057011596
-0004417871
+0000000000
+0000002905
+0000000000
+0000999995
+0000033333
04
+0061688856
+0057115724
-0003884712
+0000000000
+0000002905
+0000000000
+0000999995
+0000033333
04
+0061673788
+0057188720
-0003351591
+0000000000
+0000002905
+0000000000
+0000999995
+0000033333
04
+0061658236
+0057230592
-0002818484
+0000000000
+0000002905
+0000000000
+0000999995
+0000033333
04
+0061643152
+0057241332
-0002285364
+0000000000
+0000002905
+0000000000
+0000999995
+0000033333
04
+0061629444
+0057221008
-0001752207
+0000000000
+0000002905
+0000000000
+0000999995
+0000033333
04
+0061618004
+0057169556
-0001218997
+0000000000
+0000002905
+0000000000
+0000999995
+0000033333
04
+0061608348
+0057067872
-0000599818
+0000000000
+0000002905
+0000000000
+0000999995
+0000038703
04
+0061604132
+0056949156
-0000066502
+0000000000
+0000002905
+0000000000
+0000999995
+0000033333
04
+0061600176
+0056799376
+0000466816
+0000000000
+0000002905
+0000000000
+0000999995
+0000033333
04
+0061588088
+0056618468
+0001000012
+0000000000
+0000002905
+0000000000
+0000999995
+0000033333
04
+0061564068
+0056406432
+0001532805
+0000000000
+0000002905
+0000000000
+0000999995
+0000033333
04
+0061527060
+0056163268
+0002064853
+0000000000
+0000002905
+0000000000
+0000999995
+0000033333
04
+0061476480
+0055889040
+0002595782
+0000000000
+0000002905
+0000000000
+0000999995
+0000033333
04
+0061411604
+0055583680
+0003125155
+0000000000
+0000002905
+0000000000
+0000999995
+0000033333
04
+0061332040
+0055247192
+0003652520
+0000000000
+0000002905
+0000000000
+0000999995
+0000033333
04
+0061234248
+0054867920
+0004192690
+0000000000
+0000002905
+0000000000
+0000999995
+0000034309
04
+0061123840
+0054468324
+0004714472
+0000000000
+0000002905
+0000000000
+0000999995
+0000033333
04
+0060998556
+0054037596
+0005232881
+0000000000
+0000002905
+0000000000
+0000999995
+0000033333
04
+0060858284
+0053575744
+0005747438
+0000000000
+0000002905
+0000000000
+0000999995
+0000033333
04
+0060700796
+0053082824
+0006256988
+0000000000
+0000002905
+0000000000
+0000999995
+0000033333
04
+0060526632
+0052558776
+0006761083
+0000000000
+0000002905
+0000000000
+0000999995
+0000033333
04
+0060336356
+0052003600
+0007259321
+0000000000
+0000002905
+0000000000
+0000999995
+0000033333
04
+0060130548
+0051417360
+0007751343
+0000000000
+0000002905
+0000000000
+0000999995
+0000033333
04
+0059909776
+0050753052
+0008236837
+0000000000
-0000069138
+0000000000
+0000997606
+0000033333
04
+0059270952
+0050753052
+0008415648
+0000000000
-0000259438
+0000000000
+0000965758
+0000041461
00
+0058757360
+0050753052
+0008559406
+0000000000
-0000381366
+0000000000
+0000924423
+0000033333
00
+0058243768
+0050753052
+0008703164
+0000000000
-0000459259
+0000000000
+0000888301
+0000033333
00
+0057730176
+0050753052
+0008846922
+0000000000
-0000509342
+0000000000
+0000860563
+0000033333
00
+0057216584
+0050753052
+0008990680
+0000000000
-0000541812
+0000000000
+0000840498
+0000033333
00
+0056702992
+0050753052
+0009134438
+0000000000
-0000563024
+0000000000
+0000826439
+0000033333
00
+0056189400
+0051621948
+0009278195
+0000000000
-0000624417
+0000000000
+0000781089
+0000033333
04
+0055675808
+0052459716
+0009421953
+0000000000
-0000624417
+0000000000
+0000781089
+0000033333
04
+0055162216
+0053266356
+0009565711
+0000000000
-0000624417
+0000000000
+0000781089
+0000033333
04
+0054648624
+0054041932
+0009709469
+0000000000
-0000624417
+0000000000
+0000781089
+0000033333
04
+0054135032
+0054786376
+0009853227
+0000000000
-0000624417
+0000000000
+0000781089
+0000033333
04
+0053621440
+0055499696
+0009996984
+0000000000
-0000624417
+0000000000
+0000781089
+0000033333
04
+0053107848
+0056181884
+0010140742
+0000000000
-0000624417
+0000000000
+0000781089
+0000033333
04
+0052594256
+0056833008
+0010284500
+0000000000
-0000624417
+0000000000
+0000781089
+0000033333
04
+0052080664
+0057453004
+0010428258
+0000000000
-0000624417
+0000000000
+0000781089
+0000033333
04
+0051567072
+0058041872
+0010572016
+0000000000
-0000624417
+0000000000
+0000781089
+0000033333
04
+0051053484
+0058599672
+0010715774
+0000000000
-0000624417
+0000000000
+0000781089
+0000033333
04
+0050539892
+0059126344
+0010859531
+0000000000
-0000624417
+0000000000
+0000781089
+0000033333
04
+0050019888
+0059627564
+0011004560
+0000000000
-0000624417
+0000000000
+0000781089
+0000033740
04
+0049505744
+0060091612
+0011146332
+0000000000
-0000624417
+0000000000
+0000781089
+0000033333
04
+0048942288
+0060562256
+0011298782
+0000000000
-0000624417
+0000000000
+0000781089
+0000036482
04
+0048426528
+0060961180
+0011434561
+0000000000
-0000624417
+0000000000
+0000781089
+0000033333
04
+0047909628
+0061328980
+0011565931
+0000000000
-0000624417
+0000000000
+0000781089
+0000033333
04
+0047391420
+0061665648
+0011692034
+0000000000
-0000624417
+0000000000
+0000781089
+0000033333
04
+0046850536
+0061982360
+0011816946
+0000000000
-0000624417
+0000000000
+0000781089
+0000034694
04
+0046329556
+0062255556
+0011931072
+0000000000
-0000624417
+0000000000
+0000781089
+0000033333
04
+0045807364
+0062497620
+0012039519
+0000000000
-0000624417
+0000000000
+0000781089
+0000033333
04
+0045203048
+0062735656
+0012158426
+0000000000
-0000624417
+0000000000
+0000781089
+0000038493
04
+0044678736
+0062910704
+0012256104
+0000000000
-0000624417
+0000000000
+0000781089
+0000033333
04
+0044148292
+0063055724
+0012349602
+0000000000
-0000624417
+0000000000
+0000781089
+0000033663
04
+0043622212
+0063168212
+0012437263
+0000000000
-0000624417
+0000000000
+0000781089
+0000033333
04
+0043078512
+0064037108
+0012398636
+0000000000
-0000731733
+0000000000
+0000681590
+0000033333
04
+0042546516
+0064874876
+0012360840
+0000000000
-0000731733
+0000000000
+0000681590
+0000033333
04
+0042014524
+0065681520
+0012323044
+0000000000
-0000731733
+0000000000
+0000681590
+0000033333
04
+0041482528
+0066457092
+0012285248
+0000000000
-0000731733
+0000000000
+0000681590
+0000033333
04
+0040940036
+0067215576
+0012246706
+0000000000
-0000731733
+0000000000
+0000681590
+0000033991
04
+0040408044
+0067928280
+0012208910
+0000000000
-0000731733
+0000000000
+0000681590
+0000033333
04
+0039876048
+0068609864
+0012171114
+0000000000
-0000731733
+0000000000
+0000681590
+0000033333
04
+0039344056
+0069260376
+0012133318
+0000000000
-0000731733
+0000000000
+0000681590
+0000033333
04
+0038812060
+0069879760
+0012095522
+0000000000
-0000731733
+0000000000
+0000681590
+0000033333
04
+0038280068
+0070468016
+0012057726
+0000000000
-0000731733
+0000000000
+0000681590
+0000033333
04
+0037748072
+0071025208
+0012019930
+0000000000
-0000731733
+0000000000
+0000681590
+0000033333
04
+0037216152
+0071551272
+0011981136
+0000000000
-0000731733
+0000000000
+0000681590
+0000033333
04
+0036684384
+0072046200
+0011940315
+0000000000
-0000731733
+0000000000
+0000681590
+0000033333
04
+0036164704
+0072519896
+0011901537
+0000000000
-0000707110
+0000000000
+0000707102
+0000034093
02
+0036164704
+0072408816
+0011901537
+0000000000
-0000707110
+0000000000
+0000707102
+0000033333
02
+0036164704
+0072050840
+0011901537
+0000000000
-0000707110
+0000000000
+0000707102
+0000059832
02
+0036164704
+0071939696
+0011901537
+0000000000
-0000707110
+0000000000
+0000707102
+0000033333
02
+0036164704
+0071828616
+0011901537
+0000000000
-0000707110
+0000000000
+0000707102
+0000033333
02
+0036164704
+0071702880
+0011901537
+0000000000
-0000707110
+0000000000
+0000707102
+0000035454
02
+0036164704
+0071591800
+0011901537
+0000000000
-0000707110
+0000000000
+0000707102
+0000033333
02
+0036164704
+0071480712
+0011901537
+0000000000
-0000707110
+0000000000
+0000707102
+0000033333
02
+0036164704
+0071369632
+0011901537
+0000000000
-0000707110
+0000000000
+0000707102
+0000033333
02
+0036164704
+0071258544
+0011901537
+0000000000
-0000707110
+0000000000
+0000707102
+0000033333
02
+0036164704
+0071147464
+0011901537
+0000000000
-0000707110
+0000000000
+0000707102
+0000033333
02
+0036164704
+0071036376
+0011901537
+0000000000
-0000731725
+0000000000
-0000681599
+0000033333
03
+0036567728
+0071914608
+0011872981
+0000000000
-0000731725
+0000000000
-0000681599
+0000033704
03
+0036965084
+0072752072
+0011845028
+0000000000
-0000731725
+0000000000
-0000681599
+0000033333
03
+0037359964
+0073558408
+0011817547
+0000000000
-0000731725
+0000000000
-0000681599
+0000033333
03
+0037775344
+0074380368
+0011788795
+0000000000
-0000731725
+0000000000
-0000681599
+0000035431
03
+0038159968
+0075122496
+0011762143
+0000000000
-0000731725
+0000000000
-0000681599
+0000033333
03
+0038535984
+0075833496
+0011735463
+0000000000
-0000731725
+0000000000
-0000681599
+0000033333
03
+0038901640
+0076515384
+0011708266
+0000000000
-0000731725
+0000000000
-0000681599
+0000033433
03
+0039251532
+0077164064
+0011678969
+0000000000
-0000731725
+0000000000
-0000681599
+0000033333
03
+0039595432
+0077803712
+0011645597
+0000000000
-0000731725
+0000000000
-0000681599
+0000034588
03
+0039904952
+0078389040
+0011610040
+0000000000
-0000731725
+0000000000
-0000681599
+0000033333
03
+0040192576
+0078943240
+0011571088
+0000000000
-0000731725
+0000000000
-0000681599
+0000033333
03
+0040458276
+0079466312
+0011528645
+0000000000
-0000731725
+0000000000
-0000681599
+0000033333
03
+0040778276
+0080099856
+0011468165
+0000000000
-0000731725
+0000000000
-0000681599
+0000043792
03
+0040999788
+0080550968
+0011418573
+0000000000
-0000731725
+0000000000
-0000681599
+0000033333
03
+0041199236
+0080970944
+0011365424
+0000000000
-0000731725
+0000000000
-0000681599
+0000033333
03
+0041376692
+0081359864
+0011308592
+0000000000
-0000731725
+0000000000
-0000681599
+0000033333
03
+0041538272
+0081730472
+0011245695
+0000000000
-0000731725
+0000000000
-0000681599
+0000034645
03
+0041673544
+0082059872
+0011180631
+0000000000
-0000731725
+0000000000
-0000681599
+0000033783
03
+0041792160
+0082370608
+0011108275
+0000000000
-0000731725
+0000000000
-0000681599
+0000035480
03
+0041881568
+0082631408
+0011036520
+0000000000
-0000731725
+0000000000
-0000681599
+0000033333
03
+0041948948
+0082861080
+0010960986
+0000000000
-0000731725
+0000000000
-0000681599
+0000033333
03
+0041705320
+0083729984
+0010919193
+0000000000
-0000764548
+0000000000
+0000644564
+0000033333
04
+0041439688
+0084567752
+0010873559
+0000000000
-0000764548
+0000000000
+0000644564
+0000033333
04
+0041152064
+0085374392
+0010824084
+0000000000
-0000764548
+0000000000
+0000644564
+0000033333
04
+0040828380
+0086183712
+0010768347
+0000000000
-0000764548
+0000000000
+0000644564
+0000034847
04
+0040494012
+0086932560
+0010710785
+0000000000
-0000764548
+0000000000
+0000644564
+0000033606
04
+0040127864
+0087668152
+0010647766
+0000000000
-0000764548
+0000000000
+0000644564
+0000034508
04
+0039752156
+0088347592
+0010583114
+0000000000
-0000764548
+0000000000
+0000644564
+0000033333
04
+0039354416
+0088995968
+0010514683
+0000000000
-0000764548
+0000000000
+0000644564
+0000033333
04
+0038934652
+0089613224
+0010442472
+0000000000
-0000764548
+0000000000
+0000644564
+0000033333
04
+0038492856
+0090199344
+0010366484
+0000000000
-0000764548
+0000000000
+0000644564
+0000033333
04
+0038029028
+0090754336
+0010286716
+0000000000
-0000764548
+0000000000
+0000644564
+0000033333
04
+0037535608
+0091285888
+0010201867
+0000000000
-0000764548
+0000000000
+0000644564
+0000033852
04
+0036998816
+0091804320
+0010109571
+0000000000
-0000764548
+0000000000
+0000644564
+0000035230
04
+0036449856
+0092282712
+0010015192
+0000000000
-0000764548
+0000000000
+0000644564
+0000034813
04
+0035924404
+0092709656
+0009923836
+0000000000
-0000764548
+0000000000
+0000644564
+0000033333
04
+0035399316
+0093105472
+0009830426
+0000000000
-0000764548
+0000000000
+0000644564
+0000033333
04
+0034872492
+0093471616
+0009733528
+0000000000
-0000764548
+0000000000
+0000644564
+0000033478
04
+0034348716
+0093805056
+0009633014
+0000000000
-0000764548
+0000000000
+0000644564
+0000033333
04
+0033825916
+0094107424
+0009527549
+0000000000
-0000764548
+0000000000
+0000644564
+0000033333
04
+0033304322
+0094378664
+0009416267
+0000000000
-0000764548
+0000000000
+0000644564
+0000033333
04
+0032784188
+0094618776
+0009298356
+0000000000
-0000764548
+0000000000
+0000644564
+0000033333
04
+0032265786
+0094827760
+0009173048
+0000000000
-0000764548
+0000000000
+0000644564
+0000033333
04
+0031569482
+0095053040
+0008993258
+0000000000
-0000764548
+0000000000
+0000644564
+0000044946
04
+0031055136
+0095188968
+0008852222
+0000000000
-0000764548
+0000000000
+0000644564
+0000033333
04
+0030542868
+0095293824
+0008703811
+0000000000
-0000764548
+0000000000
+0000644564
+0000033333
04
+0030032700
+0095367552
+0008548331
+0000000000
-0000764548
+0000000000
+0000644564
+0000033333
04
+0029506630
+0095410520
+0008380328
+0000000000
-0000764548
+0000000000
+0000644564
+0000034515
04
+0028994638
+0095420656
+0008209573
+0000000000
-0000764548
+0000000000
+0000644564
+0000033732
04
+0028484562
+0095398928
+0008032462
+0000000000
-0000764548
+0000000000
+0000644564
+0000033747
04
+0027981898
+0095346192
+0007851235
+0000000000
-0000764548
+0000000000
+0000644564
+0000033395
04
+0027482264
+0095262448
+0007664658
+0000000000
-0000764548
+0000000000
+0000644564
+0000033333
04
+0026984718
+0095147584
+0007472582
+0000000000
-0000764548
+0000000000
+0000644564
+0000033333
04
+0026489600
+0095001584
+0007274337
+0000000000
-0000764548
+0000000000
+0000644564
+0000033333
04
+0025998618
+0094824520
+0007066057
+0000000000
-0000764548
+0000000000
+0000644564
+0000033333
04
+0025505110
+0094613040
+0006845156
+0000000000
-0000764548
+0000000000
+0000644564
+0000033793
04
+0025018362
+0094370968
+0006616082
+0000000000
-0000764548
+0000000000
+0000644564
+0000033622
04
+0024538546
+0094098936
+0006379417
+0000000000
-0000764548
+0000000000
+0000644564
+0000033438
04
+0024064488
+0093796632
+0006135055
+0000000000
-0000764548
+0000000000
+0000644564
+0000033333
04
+0023594676
+0093463192
+0005882621
+0000000000
-0000764548
+0000000000
+0000644564
+0000033333
04
+0023117556
+0093088808
+0005616018
+0000000000
-0000764548
+0000000000
+0000644564
+0000034159
04
+0022656178
+0092692384
+0005348483
+0000000000
-0000764548
+0000000000
+0000644564
+0000033333
04
+0022198964
+0092264832
+0005073895
+0000000000
-0000764548
+0000000000
+0000644564
+0000033333
04
+0021589072
+0091632992
+0004695214
+0000000000
-0000764548
+0000000000
+0000644564
+0000044868
04
+0021140036
+0091132448
+0004464237
+0000000000
-0000999999
+0000000000
-0000000014
+0000033333
02
+0021140036
+0091021360
+0004464237
+0000000000
-0000999999
+0000000000
-0000000014
+0000033333
02
+0021140036
+0090870728
+0004464237
+0000000000
-0000999999
+0000000000
-0000000014
+0000038815
02
+0021140036
+0090759640
+0004464237
+0000000000
-0000999999
+0000000000
-0000000014
+0000033333
02
+0021140036
+0090648560
+0004464237
+0000000000
-0000999999
+0000000000
-0000000014
+0000033333
02
+0021140036
+0090530032
+0004464237
+0000000000
-0000999999
+0000000000
-0000000014
+0000034431
02
+0021140036
+0090418944
+0004464237
+0000000000
-0000999999
+0000000000
-0000000014
+0000033333
02
+0021140036
+0090301880
+0004464237
+0000000000
-0000999999
+0000000000
-0000000014
+0000034210
02
+0021140036
+0090183288
+0004464237
+0000000000
-0000999999
+0000000000
-0000000014
+0000034434
02
+0021140036
+0090072144
+0004464237
+0000000000
-0000644585
+0000000000
+0000764530
+0000033333
03
+0020663526
+0091113888
+0004545513
+0000000000
-0000644585
+0000000000
+0000764530
+0000040264
03
+0020268332
+0091945192
+0004611832
+0000000000
-0000644585
+0000000000
+0000764530
+0000033333
03
+0019867856
+0092752872
+0004676847
+0000000000
-0000644585
+0000000000
+0000764530
+0000033657
03
+0019468860
+0093521664
+0004738017
+0000000000
-0000644585
+0000000000
+0000764530
+0000033333
03
+0019066302
+0094259336
+0004794361
+0000000000
-0000644585
+0000000000
+0000764530
+0000033333
03
+0018658752
+0094965880
+0004843946
+0000000000
-0000644585
+0000000000
+0000764530
+0000033333
03
+0018244550
+0095641360
+0004884521
+0000000000
-0000644585
+0000000000
+0000764530
+0000033333
03
+0017812112
+0096299744
+0004914174
+0000000000
-0000644585
+0000000000
+0000764530
+0000034097
03
+0017378670
+0096912232
+0004928682
+0000000000
-0000644585
+0000000000
+0000764530
+0000033333
03
+0016918160
+0097511352
+0004925941
+0000000000
-0000644585
+0000000000
+0000764530
+0000034409
03
+0016457775
+0098067016
+0004902883
+0000000000
-0000644585
+0000000000
+0000764530
+0000033744
03
+0015987240
+0098592648
+0004858992
+0000000000
-0000644585
+0000000000
+0000764530
+0000033872
03
+0015512065
+0099084168
+0004793418
+0000000000
-0000644585
+0000000000
+0000764530
+0000033723
03
+0015022367
+0099551512
+0004703747
+0000000000
-0000644585
+0000000000
+0000764530
+0000034332
03
+0014475078
+0100027832
+0004579048
+0000000000
-0000644585
+0000000000
+0000764530
+0000037951
03
+0014357320
+0100896728
+0003936025
+0000000000
-0000995901
+0000000000
+0000090437
+0000033333
04
+0014261741
+0101734496
+0003411326
+0000000000
-0000995901
+0000000000
+0000090437
+0000033333
04
+0014168482
+0102541136
+0002886210
+0000000000
-0000995901
+0000000000
+0000090437
+0000033333
04
+0014065888
+0103415104
+0002290764
+0000000000
-0000995901
+0000000000
+0000090437
+0000037763
04
+0013975330
+0104155392
+0001765175
+0000000000
-0000995901
+0000000000
+0000090437
+0000033333
04
+0013884772
+0104864624
+0001239586
+0000000000
-0000995901
+0000000000
+0000090437
+0000033333
04
+0013771906
+0105700192
+0000584520
+0000000000
-0000995901
+0000000000
+0000090437
+0000041544
04
+0013681348
+0106339480
+0000058931
+0000000000
-0000995901
+0000000000
+0000090437
+0000033333
04
+0013590790
+0106947696
-0000466657
+0000000000
-0000995901
+0000000000
+0000090437
+0000033333
04
+0013500232
+0107524784
-0000992246
+0000000000
-0000995901
+0000000000
+0000090437
+0000033333
04
+0013409674
+0108070736
-0001517835
+0000000000
-0000995901
+0000000000
+0000090437
+0000033333
04
+0013317967
+0108591736
-0002050092
+0000000000
-0000995901
+0000000000
+0000090437
+0000033756
04
+0013227409
+0109075072
-0002575681
+0000000000
-0000995901
+0000000000
+0000090437
+0000033333
04
+0013135876
+0109531864
-0003106935
+0000000000
-0000995901
+0000000000
+0000090437
+0000033692
04
+0013045318
+0109952640
-0003632524
+0000000000
-0000995901
+0000000000
+0000090437
+0000033333
04
+0012954760
+0110342344
-0004158113
+0000000000
-0000995901
+0000000000
+0000090437
+0000033333
04
+0012863947
+0110701840
-0004685184
+0000000000
-0000995901
+0000000000
+0000090437
+0000033427
04
+0012770484
+0111038696
-0005227637
+0000000000
-0000995901
+0000000000
+0000090437
+0000034402
04
+0012679926
+0111333984
-0005753226
+0000000000
-0000995901
+0000000000
+0000090437
+0000033333
04
+0012586550
+0111605344
-0006295067
+0000000000
-0000995901
+0000000000
+0000090437
+0000034372
04
+0012495974
+0111837400
-0006819778
+0000000000
-0000995901
+0000000000
+0000090437
+0000033333
04
+0012406407
+0112038392
-0007342586
+0000000000
-0000995901
+0000000000
+0000090437
+0000033333
04
+0012298504
+0112239256
-0007984221
+0000000000
-0000995901
+0000000000
+0000090437
+0000041196
04
+0012214225
+0112370664
-0008497705
+0000000000
-0000995901
+0000000000
+0000090437
+0000033333
04
+0012133737
+0112470944
-0009003037
+0000000000
-0000995901
+0000000000
+0000090437
+0000033333
04
+0012057737
+0112540160
-0009497287
+0000000000
-0000995901
+0000000000
+0000090437
+0000033333
04
+0011984925
+0112578432
-0009993328
+0000000000
-0000995901
+0000000000
+0000090437
+0000034487
04
+0011919455
+0112583800
-0010462850
+0000000000
-0000995901
+0000000000
+0000090437
+0000033979
04
+0011859521
+0112556152
-0010914271
+0000000000
-0000995901
+0000000000
+0000090437
+0000034363
04
+0011805975
+0112496824
-0011335856
+0000000000
-0000995901
+0000000000
+0000090437
+0000033868
04
+0011758835
+0112407352
-0011727748
+0000000000
-0000995901
+0000000000
+0000090437
+0000033333
04
+0011717255
+0112286744
-0012096609
+0000000000
-0000995901
+0000000000
+0000090437
+0000033333
04
+0011681172
+0112135008
-0012442473
+0000000000
-0000995901
+0000000000
+0000090437
+0000033333
04
+0011650588
+0111952152
-0012765341
+0000000000
-0000995901
+0000000000
+0000090437
+0000033333
04
+0011624615
+0111729496
-0013075812
+0000000000
-0000995901
+0000000000
+0000090437
+0000034511
04
+0011604753
+0111479496
-0013356536
+0000000000
-0000995901
+0000000000
+0000090437
+0000033796
04
+0011590663
+0111201784
-0013610414
+0000000000
-0000995901
+0000000000
+0000090437
+0000033333
04
+0011582070
+0110892944
-0013841294
+0000000000
-0000995901
+0000000000
+0000090437
+0000033333
04
+0011578976
+0110552976
-0014049178
+0000000000
-0000995901
+0000000000
+0000090437
+0000033333
04
+0011581379
+0110181944
-0014234066
+0000000000
-0000995901
+0000000000
+0000090437
+0000033333
04
+0011589280
+0109779784
-0014395957
+0000000000
-0000995901
+0000000000
+0000090437
+0000033333
04
+0011602679
+0109346496
-0014534851
+0000000000
-0000995901
+0000000000
+0000090437
+0000033333
04
+0011621576
+0108882144
-0014650748
+0000000000
-0000995901
+0000000000
+0000090437
+0000033333
04
+0011656407
+0108140136
-0014784307
+0000000000
-0000995901
+0000000000
+0000090437
+0000048527
04
+0011706722
+0106877320
-0014932887
+0000000000
-0000995901
+0000000000
+0000090437
+0000072868
04
+0011728830
+0106268552
-0014977083
+0000000000
-0000995901
+0000000000
+0000090437
+0000033333
04
+0011750031
+0105628664
-0014997507
+0000000000
-0000995901
+0000000000
+0000090437
+0000033333
04
+0011771533
+0104915648
-0014993958
+0000000000
-0000995901
+0000000000
+0000090437
+0000035323
04
+0011790915
+0104211672
-0014966838
+0000000000
-0000995901
+0000000000
+0000090437
+0000033333
04
+0011809390
+0103476560
-0014915945
+0000000000
-0000995901
+0000000000
+0000090437
+0000033333
04
+0011826956
+0102710328
-0014841280
+0000000000
-0000995901
+0000000000
+0000090437
+0000033333
04
+0011844234
+0101882080
-0014739172
+0000000000
-0000995901
+0000000000
+0000090437
+0000034576
04
+0011859983
+0100353024
-0014616962
+0000000000
-0000822311
+0000000000
+0000569036
+0000033333
04
+0011837273
+0100353024
-0014022657
+0000000000
-0000605192
+0000000000
+0000796078
+0000033333
00
+0011814562
+0100353024
-0013428352
+0000000000
-0000425671
+0000000000
+0000904876
+0000033333
00
+0011790231
+0100353024
-0012833056
+0000000000
-0000295467
+0000000000
+0000955352
+0000033436
00
+0011765975
+0100353024
-0012239589
+0000000000
-0000205301
+0000000000
+0000978698
+0000033333
00
+0011740129
+0100353024
-0011607234
+0000000000
-0000144151
+0000000000
+0000989554
+0000035517
00
+0011706088
+0100353024
-0010774345
+0000000000
-0000103062
+0000000000
+0000994674
+0000046780
00
+0011681579
+0100353024
-0010174691
+0000000000
-0000075566
+0000000000
+0000997139
+0000033680
00
+0011657323
+0100353024
-0009581223
+0000000000
-0000057202
+0000000000
+0000998361
+0000033333
00
+0011633067
+0100353024
-0008987756
+0000000000
-0000044948
+0000000000
+0000998988
+0000033333
00
+0011608811
+0100353024
-0008394288
+0000000000
-0000036775
+0000000000
+0000999322
+0000033333
00
+0011584556
+0100353024
-0007800820
+0000000000
-0000031325
+0000000000
+0000999508
+0000033333
00
+0011579065
+0100353024
-0007168301
+0000000000
-0000022331
+0000000000
+0000999749
+0000035656
00
+0011701630
+0100353024
-0006580641
+0000000000
+0000019379
+0000000000
+0000999811
+0000033333
00
+0011994036
+0101221920
-0006096554
+0000000000
+0000308299
+0000000000
+0000951288
+0000033333
04
+0012284071
+0102076416
-0005635864
+0000000000
+0000308299
+0000000000
+0000951288
+0000034024
04
+0012585851
+0102906616
-0005176076
+0000000000
+0000308299
+0000000000
+0000951288
+0000034373
04
+0012890584
+0103680544
-0004738375
+0000000000
+0000308299
+0000000000
+0000951288
+0000033333
04
+0013208478
+0104423336
-0004310137
+0000000000
+0000308299
+0000000000
+0000951288
+0000033333
04
+0013538960
+0105135072
-0003891537
+0000000000
+0000308299
+0000000000
+0000951288
+0000033333
04
+0013893772
+0105838560
-0003468474
+0000000000
+0000308299
+0000000000
+0000951288
+0000034509
04
+0014263894
+0106514528
-0003051969
+0000000000
+0000308299
+0000000000
+0000951288
+0000034824
04
+0015100990
+0107383424
-0003003691
+0000000000
+0000686447
+0000000000
+0000727178
+0000033333
04
+0015756850
+0108406496
-0002965865
+0000000000
+0000686447
+0000000000
+0000727178
+0000041059
04
+0016289316
+0109205936
-0002935468
+0000000000
+0000686447
+0000000000
+0000727178
+0000033333
04
+0016821808
+0109974240
-0002905520
+0000000000
+0000686447
+0000000000
+0000727178
+0000033333
04
+0017354332
+0110711488
-0002876153
+0000000000
+0000686447
+0000000000
+0000727178
+0000033333
04
+0017886968
+0111417728
-0002847339
+0000000000
+0000686447
+0000000000
+0000727178
+0000033338
04
+0018435124
+0112111512
-0002818241
+0000000000
+0000686447
+0000000000
+0000727178
+0000034307
04
+0018967732
+0112754520
-0002790428
+0000000000
+0000686447
+0000000000
+0000727178
+0000033333
04
+0019597314
+0113471072
-0002758107
+0000000000
+0000686447
+0000000000
+0000727178
+0000039400
04
+0020129992
+0114046144
-0002731649
+0000000000
+0000686447
+0000000000
+0000727178
+0000033333
04
+0020334236
+0114590152
-0002707128
+0000000000
+0000707109
+0000000000
+0000707103
+0000033333
02
+0020334236
+0114479000
-0002707128
+0000000000
+0000707109
+0000000000
+0000707103
+0000033333
02
+0020334236
+0114367920
-0002707128
+0000000000
+0000707109
+0000000000
+0000707103
+0000033333
02
+0020334236
+0114256832
-0002707128
+0000000000
+0000707109
+0000000000
+0000707103
+0000033333
02
+0020334236
+0114134520
-0002707128
+0000000000
+0000707109
+0000000000
+0000707103
+0000034971
02
+0020334236
+0114022216
-0002707128
+0000000000
-0000686441
+0000000000
+0000727183
+0000033513
03
+0019935300
+0114891112
-0002684147
+0000000000
-0000686441
+0000000000
+0000727183
+0000033333
03
+0019537566
+0115728880
-0002661332
+0000000000
-0000686441
+0000000000
+0000727183
+0000033333
03
+0019139532
+0116540832
-0002638697
+0000000000
-0000686441
+0000000000
+0000727183
+0000033560
03
+0018748208
+0117316160
-0002616807
+0000000000
-0000686441
+0000000000
+0000727183
+0000033333
03
+0018362904
+0118060424
-0002595808
+0000000000
-0000686441
+0000000000
+0000727183
+0000033333
03
+0017986036
+0118773560
-0002576081
+0000000000
-0000686441
+0000000000
+0000727183
+0000033333
03
+0017620416
+0119455568
-0002558051
+0000000000
-0000686441
+0000000000
+0000727183
+0000033333
03
+0017269258
+0120106448
-0002542203
+0000000000
-0000686441
+0000000000
+0000727183
+0000033333
03
+0016936178
+0120726256
-0002529083
+0000000000
-0000686441
+0000000000
+0000727183
+0000033333
03
+0016622959
+0121317752
-0002519145
+0000000000
-0000686441
+0000000000
+0000727183
+0000033500
03
+0016332731
+0121875184
-0002512489
+0000000000
-0000686441
+0000000000
+0000727183
+0000033333
03
+0016054281
+0122419192
-0002508943
+0000000000
-0000686441
+0000000000
+0000727183
+0000034529
03
+0015806904
+0122913272
-0002508753
+0000000000
-0000686441
+0000000000
+0000727183
+0000033333
03
+0016355103
+0123798888
-0002589768
+0000000000
-0000757031
+0000000000
-0000653377
+0000033998
04
+0016882706
+0124636048
-0002667739
+0000000000
-0000757031
+0000000000
-0000653377
+0000033333
04
+0017410308
+0125442080
-0002745710
+0000000000
-0000757031
+0000000000
-0000653377
+0000033333
04
+0017937902
+0126217040
-0002823743
+0000000000
-0000757031
+0000000000
-0000653377
+0000033333
04
+0018465396
+0126960880
-0002902451
+0000000000
-0000757031
+0000000000
-0000653377
+0000033333
04
+0018992246
+0127673584
-0002985360
+0000000000
-0000757031
+0000000000
-0000653377
+0000033333
04
+0019522286
+0128359128
-0003068771
+0000000000
-0000757031
+0000000000
-0000653377
+0000033535
04
+0020049136
+0129009400
-0003151679
+0000000000
-0000757031
+0000000000
-0000653377
+0000033333
04
+0020575984
+0129628600
-0003234588
+0000000000
-0000757031
+0000000000
-0000653377
+0000033333
04
+0021102834
+0130216672
-0003317497
+0000000000
-0000757031
+0000000000
-0000653377
+0000033333
04
+0021629684
+0130773624
-0003400406
+0000000000
-0000757031
+0000000000
-0000653377
+0000033333
04
+0022156534
+0131299496
-0003483315
+0000000000
-0000757031
+0000000000
-0000653377
+0000033333
04
+0022703452
+0131811888
-0003569382
+0000000000
-0000757031
+0000000000
-0000653377
+0000034603
04
+0023230300
+0132274352
-0003652290
+0000000000
-0000757031
+0000000000
-0000653377
+0000033333
04
+0023757150
+0132705688
-0003735199
+0000000000
-0000757031
+0000000000
-0000653377
+0000033333
04
+0024283714
+0133105896
-0003818113
+0000000000
-0000757031
+0000000000
-0000653377
+0000033333
04
+0024809078
+0133474976
-0003900982
+0000000000
-0000757031
+0000000000
-0000653377
+0000033333
04
+0025373250
+0133836976
-0003990152
+0000000000
-0000757031
+0000000000
-0000653377
+0000035959
04
+0025892266
+0134141416
-0004072229
+0000000000
-0000757031
+0000000000
-0000653377
+0000033333
04
+0026405398
+0134414736
-0004153132
+0000000000
-0000757031
+0000000000
-0000653377
+0000033333
04
+0026910390
+0134656976
-0004231956
+0000000000
-0000757031
+0000000000
-0000653377
+0000033333
04
+0027423634
+0134874944
-0004310339
+0000000000
-0000757031
+0000000000
-0000653377
+0000034610
04
+0027935034
+0135062992
-0004385287
+0000000000
-0000757031
+0000000000
-0000653377
+0000035454
04
+0028399350
+0135208736
-0004448537
+0000000000
-0000757031
+0000000000
-0000653377
+0000033333
04
+0028855328
+0135325312
-0004503523
+0000000000
-0000757031
+0000000000
-0000653377
+0000034137
04
+0029279556
+0135408080
-0004551000
+0000000000
-0000757031
+0000000000
-0000653377
+0000033333
04
+0029687110
+0135459968
-0004593694
+0000000000
-0000757031
+0000000000
-0000653377
+0000033768
04
+0030085682
+0135479488
-0004631555
+0000000000
-0000757031
+0000000000
-0000653377
+0000034930
04
+0030443776
+0135467040
-0004661635
+0000000000
-0000757031
+0000000000
-0000653377
+0000033333
04
+0030814496
+0135415280
-0004692635
+0000000000
-0000757031
+0000000000
-0000653377
+0000036832
04
+0031128450
+0135337280
-0004722109
+0000000000
-0000757031
+0000000000
-0000653377
+0000033333
04
+0031421934
+0135228208
-0004753887
+0000000000
-0000757031
+0000000000
-0000653377
+0000033333
04
+0031712958
+0135079344
-0004789097
+0000000000
-0000757031
+0000000000
-0000653377
+0000035009
04
+0031983494
+0134906496
-0004821709
+0000000000
-0000757031
+0000000000
-0000653377
+0000033333
04
+0032282096
+0134677792
-0004857705
+0000000000
-0000757031
+0000000000
-0000653377
+0000036791
04
+0032552636
+0134439456
-0004890317
+0000000000
-0000757031
+0000000000
-0000653377
+0000033333
04
+0032833840
+0134158144
-0004924216
+0000000000
-0000757031
+0000000000
-0000653377
+0000034647
04
+0033104378
+0133856384
-0004956828
+0000000000
-0000757031
+0000000000
-0000653377
+0000033333
04
+0033374916
+0133523496
-0004989440
+0000000000
-0000757031
+0000000000
-0000653377
+0000033333
04
+0033672196
+0133120120
-0005025277
+0000000000
-0000757031
+0000000000
-0000653377
+0000036628
04
+0033942732
+0132721920
-0005057889
+0000000000
-0000757031
+0000000000
-0000653377
+0000033333
04
+0034253656
+0132223208
-0005095370
+0000000000
-0000757031
+0000000000
-0000653377
+0000038309
04
+0034573028
+0131667600
-0005133869
+0000000000
-0000757031
+0000000000
-0000653377
+0000039350
04
+0034843568
+0131165832
-0005166482
+0000000000
-0000757031
+0000000000
-0000653377
+0000033333
04
+0035130640
+0130598392
-0005201088
+0000000000
-0000757031
+0000000000
-0000653377
+0000035370
04
+0035401176
+0130032472
-0005233700
+0000000000
-0000757031
+0000000000
-0000653377
+0000033333
04
+0035672952
+0129432616
-0005266462
+0000000000
-0000757031
+0000000000
-0000653377
+0000033485
04
+0035944456
+0128802000
-0005299191
+0000000000
-0000757031
+0000000000
-0000653377
+0000033452
04
+0036216600
+0128138424
-0005331997
+0000000000
-0000757031
+0000000000
-0000653377
+0000033531
04
+0036493288
+0127431216
-0005365351
+0000000000
-0000757031
+0000000000
-0000653377
+0000034091
04
+0036763824
+0126708616
-0005397964
+0000000000
-0000757031
+0000000000
-0000653377
+0000033333
04
+0037034364
+0125954896
-0005430576
+0000000000
-0000757031
+0000000000
-0000653377
+0000033333
04
+0037304880
+0125170040
-0005463508
+0000000000
-0000757031
+0000000000
-0000653377
+0000033333
04
+0037597848
+0124282352
-0005500486
+0000000000
-0000757031
+0000000000
-0000653377
+0000036148
04
+0037867268
+0123432680
-0005536917
+0000000000
-0000757031
+0000000000
-0000653377
+0000033333
04
+0038135476
+0122253048
-0005577236
+0000000000
-0000757304
+0000000000
-0000653060
+0000033333
04
+0038074496
+0122253048
-0005769487
+0000000000
-0000911769
+0000000000
-0000410700
+0000043528
00
+0038009124
+0122253048
-0005975599
+0000000000
-0000973446
+0000000000
-0000228910
+0000033333
00
+0037916852
+0122253048
-0006266526
+0000000000
-0000994721
+0000000000
-0000102601
+0000035287
00
+0037804196
+0122253048
-0006621711
+0000000000
-0000999848
+0000000000
-0000017330
+0000033507
00
+0037664108
+0122253048
-0007063379
+0000000000
-0000999213
+0000000000
+0000039625
+0000033333
00
+0037493976
+0122253048
-0007599772
+0000000000
-0000996988
+0000000000
+0000077535
+0000034157
00
+0037324616
+0122253048
-0008133740
+0000000000
-0000994706
+0000000000
+0000102750
+0000034002
00
+0037158588
+0123121952
-0008657199
+0000000000
-0000984041
+0000000000
+0000177936
+0000033333
04
+0036997344
+0123959720
-0009165573
+0000000000
-0000984041
+0000000000
+0000177936
+0000033333
04
+0036836100
+0124766360
-0009673947
+0000000000
-0000984041
+0000000000
+0000177936
+0000033333
04
+0036674860
+0125541928
-0010182322
+0000000000
-0000984041
+0000000000
+0000177936
+0000033333
04
+0036512732
+0126290280
-0010693467
+0000000000
-0000984041
+0000000000
+0000177936
+0000033515
04
+0036351492
+0127003416
-0011201841
+0000000000
-0000984041
+0000000000
+0000177936
+0000033333
04
+0036167480
+0127775272
-0011780704
+0000000000
-0000984041
+0000000000
+0000177936
+0000037962
04
+0036005208
+0128421872
-0012288751
+0000000000
-0000984041
+0000000000
+0000177936
+0000033333
04
+0035841804
+0129037352
-0012796436
+0000000000
-0000984041
+0000000000
+0000177936
+0000033333
04
+0035676804
+0129621768
-0013303604
+0000000000
-0000984041
+0000000000
+0000177936
+0000033333
04
+0035509684
+0130175048
-0013810079
+0000000000
-0000984041
+0000000000
+0000177936
+0000033333
04
+0035323856
+0130743960
-0014364135
+0000000000
-0000984041
+0000000000
+0000177936
+0000036524
04
+0035151696
+0131232056
-0014868917
+0000000000
-0000984041
+0000000000
+0000177936
+0000033333
04
+0034964460
+0131715336
-0015403491
+0000000000
-0000984041
+0000000000
+0000177936
+0000035401
04
+0034776764
+0132153440
-0015923227
+0000000000
-0000984041
+0000000000
+0000177936
+0000034536
04
+0034589996
+0132545168
-0016422789
+0000000000
-0000984041
+0000000000
+0000177936
+0000033333
04
+0034396720
+0132905760
-0016919868
+0000000000
-0000984041
+0000000000
+0000177936
+0000033333
04
+0034196268
+0133235232
-0017414098
+0000000000
-0000984041
+0000000000
+0000177936
+0000033333
04
+0033972164
+0133553344
-0017941540
+0000000000
-0000984041
+0000000000
+0000177936
+0000035817
04
+0033754716
+0133818296
-0018428532
+0000000000
-0000984041
+0000000000
+0000177936
+0000033333
04
+0033525894
+0134053712
-0018914998
+0000000000
-0000984041
+0000000000
+0000177936
+0000033599
04
+0033226216
+0134299872
-0019521180
+0000000000
-0000984041
+0000000000
+0000177936
+0000042263
04
+0032760154
+0135168768
-0019845090
+0000000000
-0000886199
+0000000000
+0000463301
+0000033333
04
+0032306992
+0136034368
-0020159850
+0000000000
-0000886199
+0000000000
+0000463301
+0000034484
04
+0031868710
+0136839968
-0020463746
+0000000000
-0000886199
+0000000000
+0000463301
+0000033333
04
+0031430192
+0137614448
-0020767300
+0000000000
-0000886199
+0000000000
+0000463301
+0000033333
04
+0030971434
+0138390016
-0021084046
+0000000000
-0000886199
+0000000000
+0000463301
+0000034842
04
+0030525448
+0139111328
-0021391208
+0000000000
-0000886199
+0000000000
+0000463301
+0000033845
04
+0030085874
+0139790592
-0021693234
+0000000000
-0000886199
+0000000000
+0000463301
+0000033333
04
+0029645978
+0140438720
-0021994790
+0000000000
-0000886199
+0000000000
+0000463301
+0000033333
04
+0029192294
+0141073664
-0022305112
+0000000000
-0000886199
+0000000000
+0000463301
+0000034354
04
+0028741922
+0141671024
-0022612518
+0000000000
-0000886199
+0000000000
+0000463301
+0000034080
04
+0028301112
+0142224176
-0022912734
+0000000000
-0000886199
+0000000000
+0000463301
+0000033333
04
+0027860004
+0142746208
-0023212516
+0000000000
-0000886199
+0000000000
+0000463301
+0000033333
04
+0027239374
+0143419008
-0023633954
+0000000000
-0000886199
+0000000000
+0000463301
+0000046887
04
+0026798858
+0143866208
-0023934604
+0000000000
-0000886199
+0000000000
+0000463301
+0000033333
04
+0026197956
+0144420224
-0024349638
+0000000000
-0000886199
+0000000000
+0000463301
+0000045643
04
+0025762000
+0144793696
-0024656862
+0000000000
-0000886199
+0000000000
+0000463301
+0000033333
04
+0025330150
+0145136048
-0024969834
+0000000000
-0000886199
+0000000000
+0000463301
+0000033333
04
+0024903742
+0145447264
-0025290176
+0000000000
-0000886199
+0000000000
+0000463301
+0000033333
04
+0024483542
+0145727424
-0025618622
+0000000000
-0000886199
+0000000000
+0000463301
+0000033333
04
+0024070450
+0145976448
-0025955964
+0000000000
-0000886199
+0000000000
+0000463301
+0000033333
04
+0023640810
+0146205376
-0026323148
+0000000000
-0000886199
+0000000000
+0000463301
+0000035323
04
+0023241806
+0146390864
-0026679784
+0000000000
-0000886199
+0000000000
+0000463301
+0000033447
04
+0022851874
+0146544624
-0027043648
+0000000000
-0000886199
+0000000000
+0000463301
+0000033333
04
+0022469552
+0146667232
-0027415498
+0000000000
-0000886199
+0000000000
+0000463301
+0000033333
04
+0022080874
+0146760928
-0027808832
+0000000000
-0000886199
+0000000000
+0000463301
+0000034560
04
+0021713326
+0146820192
-0028195294
+0000000000
-0000886199
+0000000000
+0000463301
+0000033333
04
+0021353008
+0146848320
-0028588504
+0000000000
-0000886199
+0000000000
+0000463301
+0000033333
04
+0020999730
+0146845344
-0028988052
+0000000000
-0000886199
+0000000000
+0000463301
+0000033333
04
+0020653382
+0146811280
-0029393624
+0000000000
-0000886199
+0000000000
+0000463301
+0000033333
04
+0020215466
+0146715888
-0029922326
+0000000000
-0000886199
+0000000000
+0000463301
+0000042906
04
+0019878290
+0146610656
-0030335554
+0000000000
-0000886199
+0000000000
+0000463301
+0000033333
04
+0019542600
+0146474304
-0030749990
+0000000000
-0000886199
+0000000000
+0000463301
+0000033333
04
+0019203918
+0146304688
-0031169474
+0000000000
-0000886199
+0000000000
+0000463301
+0000033696
04
+0018869514
+0146105776
-0031584948
+0000000000
-0000886199
+0000000000
+0000463301
+0000033333
04
+0018535718
+0145875728
-0032000908
+0000000000
-0000886199
+0000000000
+0000463301
+0000033333
04
+0018186384
+0145600400
-0032437480
+0000000000
-0000886199
+0000000000
+0000463301
+0000034945
04
+0017853734
+0145306640
-0032854358
+0000000000
-0000886199
+0000000000
+0000463301
+0000033333
04
+0017512204
+0144972048
-0033282830
+0000000000
-0000886199
+0000000000
+0000463301
+0000034245
04
+0017176554
+0144615232
-0033697300
+0000000000
-0000886199
+0000000000
+0000463301
+0000033333
04
+0016833500
+0144218016
-0034120916
+0000000000
-0000886199
+0000000000
+0000463301
+0000034068
04
+0016497850
+0143798272
-0034535384
+0000000000
-0000886199
+0000000000
+0000463301
+0000033333
04
+0016155245
+0143337408
-0034958444
+0000000000
-0000886199
+0000000000
+0000463301
+0000034024
04
+0015800192
+0142825008
-0035396872
+0000000000
-0000886199
+0000000000
+0000463301
+0000035260
04
+0015464543
+0142309504
-0035811344
+0000000000
-0000886199
+0000000000
+0000463301
+0000033333
04
+0015125814
+0141757568
-0036229620
+0000000000
-0000886199
+0000000000
+0000463301
+0000033639
04
+0014779556
+0141160272
-0036657188
+0000000000
-0000886199
+0000000000
+0000463301
+0000034386
04
+0014443908
+0140550176
-0037071660
+0000000000
-0000886199
+0000000000
+0000463301
+0000033333
04
+0014108259
+0139908928
-0037486128
+0000000000
-0000886199
+0000000000
+0000463301
+0000033333
04
+0013772611
+0139236576
-0037900600
+0000000000
-0000886199
+0000000000
+0000463301
+0000033333
04
+0013436962
+0138533136
-0038315072
+0000000000
-0000886199
+0000000000
+0000463301
+0000033333
04
+0013067662
+0137721504
-0038771096
+0000000000
-0000886199
+0000000000
+0000463301
+0000036675
04
+0012730818
+0136949648
-0039186844
+0000000000
-0000886199
+0000000000
+0000463301
+0000033461
04
+0012381192
+0136113712
-0039617612
+0000000000
-0000886199
+0000000000
+0000463301
+0000034771
04
+0012027323
+0135230832
-0040052080
+0000000000
-0000886199
+0000000000
+0000463301
+0000035274
04
+0011694218
+0134365472
-0040458640
+0000000000
-0000886199
+0000000000
+0000463301
+0000033333
04
+0011363045
+0133253048
-0040859212
+0000000000
-0000906326
+0000000000
+0000422575
+0000033333
04
+0011430670
+0133253048
-0040649496
+0000000000
-0000647539
+0000000000
+0000762030
+0000033333
00
+0011555634
+0133253048
-0040271492
+0000000000
-0000404429
+0000000000
+0000914568
+0000044877
00
+0011678373
+0133253048
-0039909040
+0000000000
-0000221304
+0000000000
+0000975203
+0000033333
00
+0011831797
+0133253048
-0039455972
+0000000000
-0000094209
+0000000000
+0000995551
+0000033333
00
+0012013632
+0133253048
-0038919004
+0000000000
-0000008480
+0000000000
+0000999963
+0000033333
00
+0012205012
+0133253048
-0038366856
+0000000000
+0000049934
+0000000000
+0000998751
+0000034137
00
+0012391884
+0133253048
-0037827716
+0000000000
+0000088794
+0000000000
+0000996049
+0000033333
00
+0012592185
+0133253048
-0037249828
+0000000000
+0000114630
+0000000000
+0000993407
+0000035728
00
+0012779057
+0133253048
-0036710688
+0000000000
+0000131812
+0000000000
+0000991273
+0000033333
00
+0012976994
+0133253048
-0036164864
+0000000000
+0000145593
+0000000000
+0000989343
+0000033333
00
+0013174931
+0133253048
-0035619036
+0000000000
+0000154766
+0000000000
+0000987950
+0000033333
00
+0013440642
+0134374272
-0034906212
+0000000000
+0000186581
+0000000000
+0000982438
+0000043487
04
+0013629391
+0135212224
-0034400508
+0000000000
+0000186581
+0000000000
+0000982438
+0000033736
04
+0013816105
+0136009040
-0033900928
+0000000000
+0000186581
+0000000000
+0000982438
+0000033333
04
+0014023310
+0136853456
-0033347714
+0000000000
+0000186581
+0000000000
+0000982438
+0000036921
04
+0014300508
+0137911136
-0032610768
+0000000000
+0000186581
+0000000000
+0000982438
+0000049209
04
+0014491270
+0138604864
-0032105400
+0000000000
+0000186581
+0000000000
+0000982438
+0000033760
04
+0014679617
+0139258672
-0031606432
+0000000000
+0000186581
+0000000000
+0000982438
+0000033333
04
+0014867964
+0139881344
-0031107464
+0000000000
+0000186581
+0000000000
+0000982438
+0000033333
04
+0015062554
+0140491456
-0030591956
+0000000000
+0000186581
+0000000000
+0000982438
+0000034438
04
+0015259335
+0141074832
-0030070598
+0000000000
+0000186581
+0000000000
+0000982438
+0000034845
04
+0015461965
+0141640752
-0029533666
+0000000000
+0000186581
+0000000000
+0000982438
+0000035967
04
+0015706502
+0142273744
-0028885500
+0000000000
+0000186581
+0000000000
+0000982438
+0000043616
04
+0015892980
+0142728880
-0028390988
+0000000000
+0000186581
+0000000000
+0000982438
+0000033531
04
+0016076092
+0143150208
-0027905036
+0000000000
+0000186581
+0000000000
+0000982438
+0000033333
04
+0016258869
+0143546080
-0027419452
+0000000000
+0000186581
+0000000000
+0000982438
+0000033858
04
+0016011688
+0144454960
-0028035506
+0000000000
-0000981854
+0000000000
+0000189633
+0000034925
04
+0015813087
+0145291264
-0028530482
+0000000000
-0000981854
+0000000000
+0000189633
+0000033333
04
+0015614485
+0146096432
-0029025458
+0000000000
-0000981854
+0000000000
+0000189633
+0000033333
04
+0015415883
+0146870480
-0029520434
+0000000000
-0000981854
+0000000000
+0000189633
+0000033333
04
+0015217281
+0147613472
-0030015410
+0000000000
-0000981854
+0000000000
+0000189633
+0000033333
04
+0015011592
+0148349552
-0030528052
+0000000000
-0000981854
+0000000000
+0000189633
+0000034522
04
+0014791301
+0149100096
-0031077512
+0000000000
-0000981854
+0000000000
+0000189633
+0000036998
04
+0014543590
+0149897760
-0031697438
+0000000000
-0000981854
+0000000000
+0000189633
+0000041723
04
+0014346286
+0150503904
-0032192932
+0000000000
-0000981854
+0000000000
+0000189633
+0000033333
04
+0014059227
+0151328240
-0032923034
+0000000000
-0000981854
+0000000000
+0000189633
+0000049031
04
+0013865873
+0151857536
-0033420086
+0000000000
-0000981854
+0000000000
+0000189633
+0000033333
04
+0013674804
+0152355712
-0033918020
+0000000000
-0000981854
+0000000000
+0000189633
+0000033333
04
+0013486259
+0152822752
-0034416912
+0000000000
-0000981854
+0000000000
+0000189633
+0000033333
04
+0013296387
+0153265376
-0034924728
+0000000000
-0000981854
+0000000000
+0000189633
+0000033884
04
+0013108427
+0153673952
-0035430376
+0000000000
-0000981854
+0000000000
+0000189633
+0000033715
04
+0012909483
+0154074224
-0035971388
+0000000000
-0000981854
+0000000000
+0000189633
+0000036027
04
+0012666485
+0154512272
-0036638836
+0000000000
-0000981854
+0000000000
+0000189633
+0000044394
04
+0012484109
+0154811760
-0037143688
+0000000000
-0000981854
+0000000000
+0000189633
+0000033548
04
+0012305001
+0155078240
-0037646044
+0000000000
-0000981854
+0000000000
+0000189633
+0000033333
04
+0012131382
+0155314400
-0038152516
+0000000000
-0000981854
+0000000000
+0000189633
+0000033462
04
+0011964392
+0155518560
-0038659032
+0000000000
-0000981854
+0000000000
+0000189633
+0000033333
04
+0011800411
+0155693968
-0039176084
+0000000000
-0000981854
+0000000000
+0000189633
+0000033901
04
+0011641045
+0155837952
-0039698328
+0000000000
-0000981854
+0000000000
+0000189633
+0000034126
04
+0011485534
+0155950192
-0040227840
+0000000000
-0000981854
+0000000000
+0000189633
+0000034492
04
+0011340441
+0156027520
-0040741060
+0000000000
-0000981854
+0000000000
+0000189633
+0000033333
04
+0011200361
+0156073728
-0041255668
+0000000000
-0000981854
+0000000000
+0000189633
+0000033333
04
+0011063107
+0156088624
-0041779252
+0000000000
-0000981854
+0000000000
+0000189633
+0000033829
04
+0010922976
+0156068480
-0042334216
+0000000000
-0000981854
+0000000000
+0000189633
+0000035774
04
+0010796907
+0156018608
-0042852436
+0000000000
-0000981854
+0000000000
+0000189633
+0000033333
04
+0010667069
+0155930048
-0043406300
+0000000000
-0000981854
+0000000000
+0000189633
+0000035554
04
+0010549532
+0155815920
-0043926520
+0000000000
-0000981854
+0000000000
+0000189633
+0000033333
04
+0010436031
+0155670656
-0044447636
+0000000000
-0000981854
+0000000000
+0000189633
+0000033333
04
+0010326422
+0155494256
-0044969584
+0000000000
-0000981854
+0000000000
+0000189633
+0000033333
04
+0010219467
+0155284304
-0045497708
+0000000000
-0000981854
+0000000000
+0000189633
+0000033677
04
+0010115602
+0155041136
-0046029428
+0000000000
-0000981854
+0000000000
+0000189633
+0000033860
04
+0010014425
+0154763248
-0046135712
+0000000000
-0000999999
+0000000000
+0000000001
+0000034146
02
+0010014425
+0154651616
-0046135712
+0000000000
-0000999999
+0000000000
+0000000001
+0000033414
02
+0010014425
+0154540528
-0046135712
+0000000000
-0000999999
+0000000000
+0000000001
+0000033333
02
+0010014425
+0154416992
-0046135712
+0000000000
-0000999999
+0000000000
+0000000001
+0000035148
02
+0010014425
+0154305904
-0046135712
+0000000000
-0000999999
+0000000000
+0000000001
+0000033333
02
+0010014425
+0154194832
-0046135712
+0000000000
-0000999999
+0000000000
+0000000001
+0000033333
02
+0010014425
+0154083744
-0046135712
+0000000000
-0000189630
+0000000000
+0000981854
+0000033333
03
+0009865465
+0154952640
-0045764880
+0000000000
-0000189630
+0000000000
+0000981854
+0000033333
03
+0009716482
+0155790400
-0045395248
+0000000000
-0000189630
+0000000000
+0000981854
+0000033333
03
+0009561833
+0156626288
-0045014168
+0000000000
-0000189630
+0000000000
+0000981854
+0000034590
03
+0009412726
+0157400640
-0044650936
+0000000000
-0000189630
+0000000000
+0000981854
+0000033333
03
+0009263503
+0158143920
-0044293700
+0000000000
-0000189630
+0000000000
+0000981854
+0000033333
03
+0009112941
+0158861456
-0043942120
+0000000000
-0000189630
+0000000000
+0000981854
+0000033595
03
+0008963337
+0159542240
-0043604480
+0000000000
-0000189630
+0000000000
+0000981854
+0000033333
03
+0008798438
+0160253600
-0043248860
+0000000000
-0000189630
+0000000000
+0000981854
+0000036672
03
+0008648206
+0160869072
-0042943620
+0000000000
-0000189630
+0000000000
+0000981854
+0000033333
03
+0008497560
+0161453424
-0042659708
+0000000000
-0000189630
+0000000000
+0000981854
+0000033333
03
+0008311593
+0162096560
-0042351288
+0000000000
-0000189630
+0000000000
+0000981854
+0000039130
03
+0008142655
+0162613280
-0042108432
+0000000000
-0000189630
+0000000000
+0000981854
+0000033333
03
+0007951917
+0163121824
-0041872652
+0000000000
-0000189630
+0000000000
+0000981854
+0000035019
03
+0007753120
+0163574768
-0041663468
+0000000000
-0000189630
+0000000000
+0000981854
+0000033333
03
+0007535627
+0163996576
-0041465292
+0000000000
-0000189630
+0000000000
+0000981854
+0000033333
03
+0007294154
+0164394528
-0041272668
+0000000000
-0000189630
+0000000000
+0000981854
+0000034009
03
+0007038092
+0164753472
-0041093044
+0000000000
-0000189630
+0000000000
+0000981854
+0000033333
03
+0006762641
+0165081296
-0040922384
+0000000000
-0000189630
+0000000000
+0000981854
+0000033333
03
+0006265524
+0166087712
-0041151200
+0000000000
-0000842056
+0000000000
+0000539387
+0000038837
04
+0005819402
+0166920352
-0041356544
+0000000000
-0000842056
+0000000000
+0000539387
+0000033333
04
+0005347904
+0167731696
-0041573572
+0000000000
-0000842056
+0000000000
+0000539387
+0000033756
04
+0004863403
+0168501712
-0041796508
+0000000000
-0000842056
+0000000000
+0000539387
+0000033333
04
+0004378851
+0169240608
-0042019340
+0000000000
-0000842056
+0000000000
+0000539387
+0000033333
04
+0003894250
+0169948368
-0042242064
+0000000000
-0000842056
+0000000000
+0000539387
+0000033333
04
+0003399865
+0170638064
-0042469200
+0000000000
-0000842056
+0000000000
+0000539387
+0000034004
04
+0002911734
+0171287408
-0042693408
+0000000000
-0000842056
+0000000000
+0000539387
+0000033572
04
+0002427049
+0171901008
-0042915952
+0000000000
-0000842056
+0000000000
+0000539387
+0000033333
04
+0001855158
+0172581664
-0043178484
+0000000000
-0000842056
+0000000000
+0000539387
+0000039329
04
+0001370709
+0173127440
-0043401540
+0000000000
-0000842056
+0000000000
+0000539387
+0000033333
04
+0000873880
+0173655152
-0043632176
+0000000000
-0000842056
+0000000000
+0000539387
+0000034234
04
+0000374509
+0174153568
-0043867072
+0000000000
-0000842056
+0000000000
+0000539387
+0000034491
04
-0000106509
+0174604128
-0044097432
+0000000000
-0000842056
+0000000000
+0000539387
+0000033333
04
-0000585505
+0175023552
-0044331968
+0000000000
-0000842056
+0000000000
+0000539387
+0000033333
04
-0001062251
+0175412048
-0044571556
+0000000000
-0000842056
+0000000000
+0000539387
+0000033347
04
-0001536088
+0175769232
-0044816348
+0000000000
-0000842056
+0000000000
+0000539387
+0000033333
04
-0002014544
+0176099856
-0045070076
+0000000000
-0000842056
+0000000000
+0000539387
+0000033848
04
-0002335763
+0176394352
-0045324804
+0000000000
-0000707104
+0000000000
+0000707107
+0000033333
02
-0002335763
+0176276240
-0045324804
+0000000000
-0000707104
+0000000000
+0000707107
+0000034363
02
-0002335763
+0176158688
-0045324804
+0000000000
-0000707104
+0000000000
+0000707107
+0000034281
02
-0002335763
+0176047600
-0045324804
+0000000000
-0000707104
+0000000000
+0000707107
+0000033333
02
-0002335763
+0175936528
-0045324804
+0000000000
-0000707104
+0000000000
+0000707107
+0000033333
02
-0002335763
+0175825440
-0045324804
+0000000000
-0000707104
+0000000000
+0000707107
+0000033333
02
-0002335763
+0175714352
-0045324804
+0000000000
-0000707104
+0000000000
+0000707107
+0000033333
02
-0002335763
+0175603264
-0045324804
+0000000000
-0000707104
+0000000000
+0000707107
+0000033333
02
-0002335763
+0175492192
-0045324804
+0000000000
-0000707104
+0000000000
+0000707107
+0000033333
02
-0002335763
+0175373536
-0045324804
+0000000000
-0000707104
+0000000000
+0000707107
+0000034451
02
-0002335763
+0175262448
-0045324804
+0000000000
-0000707104
+0000000000
+0000707107
+0000033333
02
-0002335763
+0175141472
-0045324804
+0000000000
-0000842058
+0000000000
-0000539383
+0000034776
03
-0001972704
+0176010368
-0045492328
+0000000000
-0000842058
+0000000000
-0000539383
+0000033333
03
-0001600101
+0176871344
-0045665520
+0000000000
-0000842058
+0000000000
-0000539383
+0000034293
03
-0001239707
+0177677120
-0045835500
+0000000000
-0000842058
+0000000000
-0000539383
+0000033333
03
-0000882275
+0178451776
-0046008204
+0000000000
-0000842058
+0000000000
-0000539383
+0000033333
03
-0000529355
+0179195312
-0046184988
+0000000000
-0000842058
+0000000000
-0000539383
+0000033333
03
-0000182025
+0179909248
-0046367896
+0000000000
-0000842058
+0000000000
-0000539383
+0000033405
03
+0000156107
+0180590512
-0046558064
+0000000000
-0000842058
+0000000000
-0000539383
+0000033333
03
+0000526644
+0181321968
-0046784508
+0000000000
-0000842058
+0000000000
-0000539383
+0000037740
03
+0000840336
+0181936896
-0046996808
+0000000000
-0000842058
+0000000000
-0000539383
+0000033333
03
+0001137601
+0182520688
-0047223120
+0000000000
-0000842058
+0000000000
-0000539383
+0000033333
03
+0001532131
+0183289184
-0047554852
+0000000000
-0000842058
+0000000000
-0000539383
+0000047482
03
+0001788799
+0183797552
-0047794292
+0000000000
-0000842058
+0000000000
-0000539383
+0000033333
03
+0002025168
+0184274848
-0048040300
+0000000000
-0000842058
+0000000000
-0000539383
+0000033333
03
+0002239017
+0184721008
-0048285992
+0000000000
-0000842058
+0000000000
-0000539383
+0000033333
03
+0002441246
+0185158208
-0048545028
+0000000000
-0000842058
+0000000000
-0000539383
+0000035265
03
+0002609712
+0185540352
-0048789040
+0000000000
-0000842058
+0000000000
-0000539383
+0000033334
03
+0002755474
+0185891360
-0049032192
+0000000000
-0000842058
+0000000000
-0000539383
+0000033333
03
+0002311944
+0186760256
-0049014348
+0000000000
-0000692745
+0000000000
+0000721180
+0000033333
04
+0001845696
+0187598016
-0048995588
+0000000000
-0000692745
+0000000000
+0000721180
+0000033333
04
+0001314719
+0188471072
-0048974224
+0000000000
-0000692745
+0000000000
+0000721180
+0000036197
04
+0000803038
+0189243952
-0048953636
+0000000000
-0000692745
+0000000000
+0000721180
+0000033333
04
+0000270134
+0189985712
-0048932264
+0000000000
-0000692745
+0000000000
+0000721180
+0000033333
04
-0000367502
+0190828608
-0048908880
+0000000000
-0000692745
+0000000000
+0000721180
+0000039879
04
-0000900546
+0191502080
-0048891336
+0000000000
-0000692745
+0000000000
+0000721180
+0000033333
04
-0001433705
+0192144416
-0048877688
+0000000000
-0000692745
+0000000000
+0000721180
+0000033333
04
-0001966864
+0192755616
-0048864044
+0000000000
-0000692745
+0000000000
+0000721180
+0000033333
04
-0002500023
+0193335696
-0048850400
+0000000000
-0000692745
+0000000000
+0000721180
+0000033333
04
-0003317557
+0194152096
-0048829476
+0000000000
-0000692745
+0000000000
+0000721180
+0000051112
04
-0004159282
+0194915104
-0048807928
+0000000000
-0000692745
+0000000000
+0000721180
+0000052625
04
-0004692441
+0195367312
-0048794284
+0000000000
-0000692745
+0000000000
+0000721180
+0000033333
04
-0005225600
+0195788384
-0048780640
+0000000000
-0000692745
+0000000000
+0000721180
+0000033333
04
-0005758758
+0196178352
-0048766996
+0000000000
-0000692745
+0000000000
+0000721180
+0000033333
04
-0006291917
+0196537168
-0048753348
+0000000000
-0000692745
+0000000000
+0000721180
+0000033333
04
-0006864763
+0196886848
-0048738684
+0000000000
-0000692745
+0000000000
+0000721180
+0000035822
04
-0007397066
+0197181152
-0048725092
+0000000000
-0000692745
+0000000000
+0000721180
+0000033333
04
-0007927061
+0197444336
-0048712412
+0000000000
-0000692745
+0000000000
+0000721180
+0000033333
04
-0008453298
+0197676384
-0048701476
+0000000000
-0000692745
+0000000000
+0000721180
+0000033333
04
-0008974040
+0197877312
-0048693448
+0000000000
-0000692745
+0000000000
+0000721180
+0000033333
04
-0009487315
+0198047184
-0048689880
+0000000000
-0000692745
+0000000000
+0000721180
+0000033333
04
-0009990958
+0198185920
-0048692780
+0000000000
-0000692745
+0000000000
+0000721180
+0000033333
04
-0010482669
+0198293520
-0048704628
+0000000000
-0000692745
+0000000000
+0000721180
+0000033333
04
-0010960072
+0198370064
-0048728428
+0000000000
-0000692745
+0000000000
+0000721180
+0000033333
04
-0011421280
+0198415472
-0048767264
+0000000000
-0000692745
+0000000000
+0000721180
+0000033333
04
-0011867104
+0198429744
-0048821960
+0000000000
-0000692745
+0000000000
+0000721180
+0000033333
04
-0012306450
+0198412048
-0048894636
+0000000000
-0000692745
+0000000000
+0000721180
+0000033955
04
-0012724116
+0198363520
-0048983372
+0000000000
-0000692745
+0000000000
+0000721180
+0000033333
04
-0013129088
+0198283936
-0049090196
+0000000000
-0000692745
+0000000000
+0000721180
+0000033333
04
-0013522330
+0198173216
-0049215744
+0000000000
-0000692745
+0000000000
+0000721180
+0000033333
04
-0013912257
+0198028016
-0049363448
+0000000000
-0000692745
+0000000000
+0000721180
+0000033975
04
-0014285128
+0197854496
-0049528220
+0000000000
-0000692745
+0000000000
+0000721180
+0000033333
04
-0014649364
+0197649840
-0049713332
+0000000000
-0000692745
+0000000000
+0000721180
+0000033333
04
-0015005678
+0197414064
-0049919096
+0000000000
-0000692745
+0000000000
+0000721180
+0000033333
04
-0015354072
+0197147152
-0050145500
+0000000000
-0000692745
+0000000000
+0000721180
+0000033333
04
-0015738780
+0196805904
-0050424652
+0000000000
-0000692745
+0000000000
+0000721180
+0000037664
04
-0016071106
+0196472784
-0050692188
+0000000000
-0000692745
+0000000000
+0000721180
+0000033333
04
-0016394606
+0196108528
-0050979708
+0000000000
-0000692745
+0000000000
+0000721180
+0000033333
04
-0016705488
+0195713136
-0051284432
+0000000000
-0000692745
+0000000000
+0000721180
+0000033333
04
-0017003754
+0195286624
-0051606356
+0000000000
-0000692745
+0000000000
+0000721180
+0000033333
04
-0017289402
+0194829040
-0051945484
+0000000000
-0000692745
+0000000000
+0000721180
+0000033333
04
-0017562432
+0194340336
-0052301816
+0000000000
-0000692745
+0000000000
+0000721180
+0000033333
04
-0017822844
+0193820496
-0052675352
+0000000000
-0000692745
+0000000000
+0000721180
+0000033333
04
-0018071764
+0193269536
-0053064552
+0000000000
-0000692745
+0000000000
+0000721180
+0000033333
04
-0018316206
+0192687504
-0053459860
+0000000000
-0000692745
+0000000000
+0000721180
+0000033333
04
-0018560648
+0192074336
-0053855172
+0000000000
-0000692745
+0000000000
+0000721180
+0000033333
04
-0018805090
+0191430048
-0054250480
+0000000000
-0000692745
+0000000000
+0000721180
+0000033333
04
-0019049532
+0190754704
-0054645792
+0000000000
-0000692745
+0000000000
+0000721180
+0000033333
04
-0019293974
+0190048224
-0055041100
+0000000000
-0000692745
+0000000000
+0000721180
+0000033333
04
-0019538416
+0189310608
-0055436408
+0000000000
-0000692745
+0000000000
+0000721180
+0000033333
04
-0019788570
+0188523200
-0055840956
+0000000000
-0000692745
+0000000000
+0000721180
+0000034112
04
-0020033012
+0187722656
-0056236268
+0000000000
-0000692745
+0000000000
+0000721180
+0000033333
04
-0020277454
+0186890992
-0056631576
+0000000000
-0000692745
+0000000000
+0000721180
+0000033333
04
-0020521896
+0185753056
-0057026884
+0000000000
-0000808435
+0000000000
+0000588582
+0000033333
04
-0020521896
+0185753056
-0057026884
+0000000000
-0000899091
+0000000000
+0000437757
+0000033333
01
-0020521896
+0185753056
-0057026884
+0000000000
-0000961905
+0000000000
+0000273377
+0000043568
01
-0020521896
+0185753056
-0057026884
+0000000000
-0000961905
+0000000000
+0000273377
+0000033333
01
-0020521896
+0185753056
-0057026884
+0000000000
-0000961905
+0000000000
+0000273377
+0000033333
01
-0020521896
+0185753056
-0057026884
+0000000000
-0000961905
+0000000000
+0000273377
+0000033333
01
-0020521896
+0185753056
-0057026884
+0000000000
-0000961905
+0000000000
+0000273377
+0000033333
01
-0020521896
+0185753056
-0057026884
+0000000000
-0000961905
+0000000000
+0000273377
+0000033333
01
-0020521896
+0185753056
-0057026884
+0000000000
-0000961905
+0000000000
+0000273377
+0000033333
01
-0020521896
+0185753056
-0057026884
+0000000000
-0000961905
+0000000000
+0000273377
+0000033333
01
-0020521896
+0185753056
-0057026884
+0000000000
-0000961905
+0000000000
+0000273377
+0000033333
01
-0020521896
+0185753056
-0057026884
+0000000000
-0000961905
+0000000000
+0000273377
+0000033333
01
-0020521896
+0185753056
-0057026884
+0000000000
-0000961905
+0000000000
+0000273377
+0000033333
01
-0020521896
+0185753056
-0057026884
+0000000000
-0000961905
+0000000000
+0000273377
+0000033333
01
-0020521896
+0185753056
-0057026884
+0000000000
-0000961905
+0000000000
+0000273377
+0000033333
01
-0020521896
+0185753056
-0057026884
+0000000000
-0000961905
+0000000000
+0000273377
+0000033333
01
-0020521896
+0185753056
-0057026884
+0000000000
-0000961905
+0000000000
+0000273377
+0000033333
01
-0020521896
+0185753056
-0057026884
+0000000000
-0000961905
+0000000000
+0000273377
+0000034826
01
