+0000000000
+0010853058
-0025900000
+0000000000
+0000000000
+0000000000
+0001000000
+0000033333
00
+0000000130
+0010853058
-0025897926
+0000000000
+0000010504
+0000000000
+0000999944
+0000033333
00
+0000001442
+0010853058
-0025877144
+0000000000
+0000017506
+0000000000
+0000999846
+0000033333
00
+0000005191
+0010853058
-0025817732
+0000000000
+0000022175
+0000000000
+0000999754
+0000033333
00
+0000011490
+0010853058
-0025717930
+0000000000
+0000025287
+0000000000
+0000999680
+0000033333
00
+0000020938
+0010853058
-0025568228
+0000000000
+0000027362
+0000000000
+0000999625
+0000033333
00
+0000034165
+0010853058
-0025358644
+0000000000
+0000028744
+0000000000
+0000999586
+0000033333
00
+0000051800
+0010853058
-0025079200
+0000000000
+0000029671
+0000000000
+0000999559
+0000033333
00
+0000074475
+0010853058
-0024719916
+0000000000
+0000030280
+0000000000
+0000999541
+0000033333
00
+0000102818
+0010853058
-0024270810
+0000000000
+0000030695
+0000000000
+0000999528
+0000033333
00
+0000136411
+0010853058
-0023738534
+0000000000
+0000030970
+0000000000
+0000999520
+0000033333
00
+0000170003
+0010853058
-0023206260
+0000000000
+0000031161
+0000000000
+0000999514
+0000033333
00
+0000203595
+0010853058
-0022673986
+0000000000
+0000031289
+0000000000
+0000999510
+0000033333
00
+0000237187
+0010853058
-0022141712
+0000000000
+0000031371
+0000000000
+0000999507
+0000033333
00
+0000270779
+0010853058
-0021609438
+0000000000
+0000031371
+0000000000
+0000999507
+0000033333
00
+0000304371
+0010853058
-0021077164
+0000000000
+0000031371
+0000000000
+0000999507
+0000033333
00
+0000337963
+0011721954
-0020544890
+0000000000
+0000031371
+0000000000
+0000999507
+0000033333
04
+0000371555
+0012559753
-0020012616
+0000000000
+0000031371
+0000000000
+0000999507
+0000033333
04
+0000405147
+0013366394
-0019480340
+0000000000
+0000031371
+0000000000
+0000999507
+0000033333
04
+0000438739
+0014141968
-0018948066
+0000000000
+0000031371
+0000000000
+0000999507
+0000033333
04
+0000472331
+0014886414
-0018415792
+0000000000
+0000031371
+0000000000
+0000999507
+0000033333
04
+0000505922
+0015599731
-0017883518
+0000000000
+0000031371
+0000000000
+0000999507
+0000033333
04
+0000539516
+0016281982
-0017351244
+0000000000
+0000031371
+0000000000
+0000999507
+0000033333
04
+0000573108
+0016933106
-0016818970
+0000000000
+0000031371
+0000000000
+0000999507
+0000033333
04
+0000606700
+0017553100
-0016286695
+0000000000
+0000031371
+0000000000
+0000999507
+0000033333
04
+0000640292
+0018141968
-0015754421
+0000000000
+0000031371
+0000000000
+0000999507
+0000033333
04
+0000673884
+0018699768
-0015222147
+0000000000
+0000031371
+0000000000
+0000999507
+0000033333
04
+0000707476
+0019226440
-0014689873
+0000000000
+0000031371
+0000000000
+0000999507
+0000033333
04
+0000741068
+0019721984
-0014157598
+0000000000
+0000031371
+0000000000
+0000999507
+0000033333
04
+0000774660
+0020186402
-0013625324
+0000000000
+0000031371
+0000000000
+0000999507
+0000033333
04
+0000808252
+0020619750
-0013093050
+0000000000
+0000031371
+0000000000
+0000999507
+0000033333
04
+0000841844
+0021021972
-0012560776
+0000000000
+0000031371
+0000000000
+0000999507
+0000033333
04
+0000875437
+0021393066
-0012028502
+0000000000
+0000031371
+0000000000
+0000999507
+0000033333
04
+0000909029
+0021733094
-0011496227
+0000000000
+0000031371
+0000000000
+0000999507
+0000033333
04
+0000942621
+0022041992
-0010963953
+0000000000
+0000031371
+0000000000
+0000999507
+0000033333
04
+0000976213
+0022319764
-0010431679
+0000000000
+0000031371
+0000000000
+0000999507
+0000033333
04
+0001009804
+0022566406
-0009899405
+0000000000
+0000031371
+0000000000
+0000999507
+0000033333
04
+0001043396
+0022781982
-0009367130
+0000000000
+0000031371
+0000000000
+0000999507
+0000033333
04
+0001076989
+0022966430
-0008834856
+0000000000
+0000031371
+0000000000
+0000999507
+0000033333
04
+0001110581
+0023119750
-0008302582
+0000000000
+0000031371
+0000000000
+0000999507
+0000033333
04
+0001148427
+0023241944
-0007770592
+0000000000
+0000031371
+0000000000
+0000999507
+0000033333
04
+0001190841
+0023333068
-0007238948
+0000000000
+0000031371
+0000000000
+0000999507
+0000033333
04
+0001237964
+0023393066
-0006707700
+0000000000
+0000031371
+0000000000
+0000999507
+0000033333
04
+0001414196
+0024261962
-0006200762
+0000000000
+0000166506
+0000000000
+0000986040
+0000033333
04
+0001590339
+0025099732
-0005697355
+0000000000
+0000166506
+0000000000
+0000986040
+0000033333
04
+0001771371
+0025906372
-0005195686
+0000000000
+0000166506
+0000000000
+0000986040
+0000033333
04
+0001960412
+0026681946
-0004696980
+0000000000
+0000166506
+0000000000
+0000986040
+0000033333
04
+0002163062
+0027426392
-0004203647
+0000000000
+0000166506
+0000000000
+0000986040
+0000033333
04
+0002382270
+0028139710
-0003717445
+0000000000
+0000166506
+0000000000
+0000986040
+0000033333
04
+0002619261
+0028821960
-0003239658
+0000000000
+0000166506
+0000000000
+0000986040
+0000033333
04
+0002873438
+0029473084
-0002770789
+0000000000
+0000166506
+0000000000
+0000986040
+0000033333
04
+0003144178
+0030093078
-0002311285
+0000000000
+0000166506
+0000000000
+0000986040
+0000033333
04
+0003430844
+0030681946
-0001861543
+0000000000
+0000166506
+0000000000
+0000986040
+0000033333
04
+0003732782
+0031239746
-0001421909
+0000000000
+0000166506
+0000000000
+0000986040
+0000033333
04
+0004049331
+0031766418
-0000992676
+0000000000
+0000166506
+0000000000
+0000986040
+0000033333
04
+0004379828
+0032261962
-0000574088
+0000000000
+0000166506
+0000000000
+0000986040
+0000033333
04
+0004723610
+0032726380
-0000166340
+0000000000
+0000166506
+0000000000
+0000986040
+0000033333
04
+0005080017
+0033159730
+0000230419
+0000000000
+0000166506
+0000000000
+0000986040
+0000033333
04
+0005448402
+0033561952
+0000616083
+0000000000
+0000166506
+0000000000
+0000986040
+0000033333
04
+0005828126
+0033933044
+0000990589
+0000000000
+0000166506
+0000000000
+0000986040
+0000033333
04
+0006218565
+0034273072
+0001353910
+0000000000
+0000166506
+0000000000
+0000986040
+0000033333
04
+0006619112
+0034581972
+0001706055
+0000000000
+0000166506
+0000000000
+0000986040
+0000033333
04
+0007029178
+0034859740
+0002047068
+0000000000
+0000166506
+0000000000
+0000986040
+0000033333
04
+0007448196
+0035106384
+0002377020
+0000000000
+0000166506
+0000000000
+0000986040
+0000033333
04
+0007875618
+0035321960
+0002696011
+0000000000
+0000166506
+0000000000
+0000986040
+0000033333
04
+0008135762
+0035506408
+0003004162
+0000000000
+0000707103
+0000000000
+0000707110
+0000033333
02
+0008135762
+0035395324
+0003004162
+0000000000
+0000707103
+0000000000
+0000707110
+0000033333
02
+0008135762
+0035021180
+0003004162
+0000000000
-0000166514
+0000000000
+0000986039
+0000061167
03
+0008004801
+0035890076
+0003381812
+0000000000
-0000166514
+0000000000
+0000986039
+0000033333
03
+0007875002
+0036727844
+0003758838
+0000000000
-0000166514
+0000000000
+0000986039
+0000033333
03
+0007747511
+0037534484
+0004134331
+0000000000
-0000166514
+0000000000
+0000986039
+0000033333
03
+0007623180
+0038310060
+0004506843
+0000000000
-0000166514
+0000000000
+0000986039
+0000033333
03
+0007502501
+0039054504
+0004874103
+0000000000
-0000166514
+0000000000
+0000986039
+0000033333
03
+0007384368
+0039767824
+0005233049
+0000000000
-0000166514
+0000000000
+0000986039
+0000033333
03
+0007265529
+0040450072
+0005580816
+0000000000
-0000166514
+0000000000
+0000986039
+0000033333
03
+0007145783
+0041101196
+0005914212
+0000000000
-0000166514
+0000000000
+0000986039
+0000033333
03
+0007017365
+0041721192
+0006230119
+0000000000
-0000166514
+0000000000
+0000986039
+0000033333
03
+0006871472
+0042310060
+0006533465
+0000000000
-0000166514
+0000000000
+0000986039
+0000033333
03
+0006703840
+0042867860
+0006831057
+0000000000
-0000166514
+0000000000
+0000986039
+0000033333
03
+0006514562
+0043394532
+0007124398
+0000000000
-0000166514
+0000000000
+0000986039
+0000033333
03
+0006274297
+0043954224
+0007454533
+0000000000
-0000166514
+0000000000
+0000986039
+0000037978
03
+0006040200
+0044417296
+0007742697
+0000000000
-0000166514
+0000000000
+0000986039
+0000033564
03
+0005786010
+0044846068
+0008023617
+0000000000
-0000166514
+0000000000
+0000986039
+0000033333
03
+0005509943
+0045243712
+0008296614
+0000000000
-0000166514
+0000000000
+0000986039
+0000033333
03
+0005211905
+0045610292
+0008560188
+0000000000
-0000166514
+0000000000
+0000986039
+0000033333
03
+0004893105
+0045945740
+0008812243
+0000000000
-0000166514
+0000000000
+0000986039
+0000033333
03
+0004554002
+0046250060
+0009052083
+0000000000
-0000166514
+0000000000
+0000986039
+0000033333
03
+0004105795
+0047118956
+0008782422
+0000000000
-0000870497
+0000000000
+0000492172
+0000033333
04
+0003468663
+0048271484
+0008396959
+0000000000
-0000870497
+0000000000
+0000492172
+0000046541
04
+0003013513
+0049065796
+0008118960
+0000000000
-0000870497
+0000000000
+0000492172
+0000033333
04
+0002559844
+0049829040
+0007838552
+0000000000
-0000870497
+0000000000
+0000492172
+0000033333
04
+0002107723
+0050561156
+0007555654
+0000000000
-0000870497
+0000000000
+0000492172
+0000033333
04
+0001657097
+0051262144
+0007270381
+0000000000
-0000870497
+0000000000
+0000492172
+0000033333
04
+0001207915
+0051932068
+0006982840
+0000000000
-0000870497
+0000000000
+0000492172
+0000033333
04
+0000760126
+0052570860
+0006693135
+0000000000
-0000870497
+0000000000
+0000492172
+0000033333
04
+0000313680
+0053178528
+0006401363
+0000000000
-0000870497
+0000000000
+0000492172
+0000033333
04
-0000131470
+0053755064
+0006107620
+0000000000
-0000870497
+0000000000
+0000492172
+0000033333
04
-0000575372
+0054300536
+0005811993
+0000000000
-0000870497
+0000000000
+0000492172
+0000033333
04
-0001018072
+0054814880
+0005514568
+0000000000
-0000870497
+0000000000
+0000492172
+0000033333
04
-0001459613
+0055298096
+0005215426
+0000000000
-0000870497
+0000000000
+0000492172
+0000033333
04
-0001900039
+0055750244
+0004914645
+0000000000
-0000870497
+0000000000
+0000492172
+0000033333
04
-0002339392
+0056171264
+0004612298
+0000000000
-0000870497
+0000000000
+0000492172
+0000033333
04
-0002777711
+0056561156
+0004308455
+0000000000
-0000870497
+0000000000
+0000492172
+0000033333
04
-0003215037
+0056919920
+0004003183
+0000000000
-0000870497
+0000000000
+0000492172
+0000033333
04
-0003651407
+0057247620
+0003696547
+0000000000
-0000870497
+0000000000
+0000492172
+0000033333
04
-0004088554
+0057544188
+0003391022
+0000000000
-0000870497
+0000000000
+0000492172
+0000033333
04
-0004527645
+0057809632
+0003088293
+0000000000
-0000870497
+0000000000
+0000492172
+0000033333
04
-0004969153
+0058043944
+0002789102
+0000000000
-0000870497
+0000000000
+0000492172
+0000033333
04
-0005413359
+0058247192
+0002493932
+0000000000
-0000870497
+0000000000
+0000492172
+0000033333
04
-0005860256
+0058419312
+0002202852
+0000000000
-0000870497
+0000000000
+0000492172
+0000033333
04
-0006135764
+0058560304
+0001915825
+0000000000
-0000707103
+0000000000
+0000707109
+0000033333
02
-0006135764
+0058449220
+0001915825
+0000000000
-0000707103
+0000000000
+0000707109
+0000033333
02
-0006135764
+0058338136
+0001915825
+0000000000
-0000707103
+0000000000
+0000707109
+0000033333
02
-0006135764
+0058227052
+0001915825
+0000000000
-0000707103
+0000000000
+0000707109
+0000033333
02
-0006135764
+0058115968
+0001915825
+0000000000
-0000707103
+0000000000
+0000707109
+0000033333
02
-0006135764
+0058004884
+0001915825
+0000000000
-0000870501
+0000000000
-0000492165
+0000033333
03
-0005793430
+0058873780
+0001709452
+0000000000
-0000870501
+0000000000
-0000492165
+0000033333
03
-0005452328
+0059711548
+0001502613
+0000000000
-0000870501
+0000000000
-0000492165
+0000033333
03
-0005113445
+0060518188
+0001294831
+0000000000
-0000870501
+0000000000
-0000492165
+0000033333
03
-0004776172
+0061293764
+0001085688
+0000000000
-0000870501
+0000000000
-0000492165
+0000033333
03
-0004437515
+0062038208
+0000876457
+0000000000
-0000870501
+0000000000
-0000492165
+0000033333
03
-0004093564
+0062751524
+0000666893
+0000000000
-0000870501
+0000000000
-0000492165
+0000033333
03
-0003679414
+0063541076
+0000421677
+0000000000
-0000870501
+0000000000
-0000492165
+0000038873
03
-0003309914
+0064187012
+0000210500
+0000000000
-0000870501
+0000000000
-0000492165
+0000033333
03
-0002922449
+0064801820
-0000001809
+0000000000
-0000870501
+0000000000
-0000492165
+0000033333
03
-0002513694
+0065385560
-0000215464
+0000000000
-0000870501
+0000000000
-0000492165
+0000033333
03
-0002054039
+0065973936
-0000445264
+0000000000
-0000870501
+0000000000
-0000492165
+0000035628
03
-0001602702
+0066493288
-0000661606
+0000000000
-0000870501
+0000000000
-0000492165
+0000033333
03
-0001130074
+0066981508
-0000879291
+0000000000
-0000870501
+0000000000
-0000492165
+0000033333
03
-0000408443
+0067850400
-0000924833
+0000000000
-0000729035
+0000000000
-0000684475
+0000033333
04
+0000123831
+0068688168
-0000958426
+0000000000
-0000729035
+0000000000
-0000684475
+0000033333
04
+0000656105
+0069494816
-0000992018
+0000000000
-0000729035
+0000000000
-0000684475
+0000033333
04
+0001200722
+0070287600
-0001026389
+0000000000
-0000729035
+0000000000
-0000684475
+0000034106
04
+0001732997
+0071031312
-0001059981
+0000000000
-0000729035
+0000000000
-0000684475
+0000033333
04
+0002265271
+0071743896
-0001093573
+0000000000
-0000729035
+0000000000
-0000684475
+0000033333
04
+0002797546
+0072425416
-0001127165
+0000000000
-0000729035
+0000000000
-0000684475
+0000033333
04
+0003357700
+0073108152
-0001162516
+0000000000
-0000729035
+0000000000
-0000684475
+0000035079
04
+0003889974
+0073725832
-0001196108
+0000000000
-0000729035
+0000000000
-0000684475
+0000033333
04
+0004422249
+0074312376
-0001229701
+0000000000
-0000729035
+0000000000
-0000684475
+0000033333
04
+0004954523
+0074867800
-0001263293
+0000000000
-0000729035
+0000000000
-0000684475
+0000033333
04
+0005486797
+0075392088
-0001296885
+0000000000
-0000729035
+0000000000
-0000684475
+0000033333
04
+0006019071
+0075885312
-0001330477
+0000000000
-0000729035
+0000000000
-0000684475
+0000033333
04
+0006551346
+0076347416
-0001364069
+0000000000
-0000729035
+0000000000
-0000684475
+0000033333
04
+0007083620
+0076778384
-0001397661
+0000000000
-0000729035
+0000000000
-0000684475
+0000033333
04
+0007615894
+0077178224
-0001431253
+0000000000
-0000729035
+0000000000
-0000684475
+0000033333
04
+0008135763
+0077569336
-0001467083
+0000000000
-0000707111
+0000000000
-0000707102
+0000035554
02
+0008135763
+0077458248
-0001467083
+0000000000
-0000707111
+0000000000
-0000707102
+0000033333
02
+0008135763
+0077347168
-0001467083
+0000000000
-0000707111
+0000000000
-0000707102
+0000033333
02
+0008135763
+0077236080
-0001467083
+0000000000
-0000707111
+0000000000
-0000707102
+0000033333
02
+0008135763
+0077125000
-0001467083
+0000000000
-0000729027
+0000000000
+0000684483
+0000033333
03
+0007736276
+0077993896
-0001492250
+0000000000
-0000729027
+0000000000
+0000684483
+0000033333
03
+0007335658
+0078831664
-0001517345
+0000000000
-0000729027
+0000000000
+0000684483
+0000033333
03
+0006927990
+0079647280
-0001542578
+0000000000
-0000729027
+0000000000
+0000684483
+0000033718
03
+0006520983
+0080422488
-0001567270
+0000000000
-0000729027
+0000000000
+0000684483
+0000033333
03
+0006107989
+0081166568
-0001591584
+0000000000
-0000729027
+0000000000
+0000684483
+0000033333
03
+0005686611
+0081879520
-0001615370
+0000000000
-0000729027
+0000000000
+0000684483
+0000033333
03
+0005254055
+0082561400
-0001638450
+0000000000
-0000729027
+0000000000
+0000684483
+0000033333
03
+0004807127
+0083212160
-0001660623
+0000000000
-0000729027
+0000000000
+0000684483
+0000033333
03
+0004342234
+0083831784
-0001681662
+0000000000
-0000729027
+0000000000
+0000684483
+0000033333
03
+0003856049
+0084420288
-0001701357
+0000000000
-0000729027
+0000000000
+0000684483
+0000033333
03
+0003348573
+0084977720
-0001719709
+0000000000
-0000729027
+0000000000
+0000684483
+0000033333
03
+0002819806
+0085504032
-0001736717
+0000000000
-0000729027
+0000000000
+0000684483
+0000033333
03
+0002286688
+0085999208
-0001751898
+0000000000
-0000729027
+0000000000
+0000684483
+0000033333
03
+0001753521
+0086463320
-0001765206
+0000000000
-0000729027
+0000000000
+0000684483
+0000033333
03
+0001220312
+0086896304
-0001776712
+0000000000
-0000729027
+0000000000
+0000684483
+0000033333
03
+0000687068
+0087298160
-0001786484
+0000000000
-0000729027
+0000000000
+0000684483
+0000033333
03
+0000153796
+0087668888
-0001794590
+0000000000
-0000729027
+0000000000
+0000684483
+0000033333
03
-0000379497
+0088008544
-0001801092
+0000000000
-0000729027
+0000000000
+0000684483
+0000033333
03
-0000912807
+0088317080
-0001806052
+0000000000
-0000729027
+0000000000
+0000684483
+0000033333
03
-0001446129
+0088594480
-0001809531
+0000000000
-0000729027
+0000000000
+0000684483
+0000033333
03
-0001979458
+0088840824
-0001811583
+0000000000
-0000729027
+0000000000
+0000684483
+0000033333
03
-0002512791
+0089056032
-0001812265
+0000000000
-0000729027
+0000000000
+0000684483
+0000033333
03
-0003046125
+0089240112
-0001811628
+0000000000
-0000729027
+0000000000
+0000684483
+0000033333
03
-0003579455
+0089393064
-0001809724
+0000000000
-0000729027
+0000000000
+0000684483
+0000033333
03
-0004112779
+0089514952
-0001806600
+0000000000
-0000729027
+0000000000
+0000684483
+0000033333
03
-0004646095
+0089605712
-0001802305
+0000000000
-0000729027
+0000000000
+0000684483
+0000033333
03
-0005179401
+0089665344
-0001796882
+0000000000
-0000729027
+0000000000
+0000684483
+0000033333
03
-0005712694
+0089693848
-0001790376
+0000000000
-0000729027
+0000000000
+0000684483
+0000033333
03
-0006245974
+0089691288
-0001782827
+0000000000
-0000729027
+0000000000
+0000684483
+0000033333
03
-0006779239
+0089657592
-0001774276
+0000000000
-0000729027
+0000000000
+0000684483
+0000033333
03
-0007312488
+0089592776
-0001764762
+0000000000
-0000729027
+0000000000
+0000684483
+0000033333
03
-0007845719
+0089496824
-0001754321
+0000000000
-0000729027
+0000000000
+0000684483
+0000033333
03
-0008378932
+0089369816
-0001742990
+0000000000
-0000729027
+0000000000
+0000684483
+0000033333
03
-0008912126
+0089211672
-0001730802
+0000000000
-0000729027
+0000000000
+0000684483
+0000033333
03
-0009445300
+0089022400
-0001717790
+0000000000
-0000729027
+0000000000
+0000684483
+0000033333
03
-0009978455
+0088802064
-0001703986
+0000000000
-0000729027
+0000000000
+0000684483
+0000033333
03
-0010554373
+0089670960
-0001667640
+0000000000
-0000684475
+0000000000
+0000729035
+0000033333
04
-0011086647
+0090508728
-0001634048
+0000000000
-0000684475
+0000000000
+0000729035
+0000033333
04
-0011618921
+0091315368
-0001600456
+0000000000
-0000684475
+0000000000
+0000729035
+0000033333
04
-0012151196
+0092090944
-0001566863
+0000000000
-0000684475
+0000000000
+0000729035
+0000033333
04
-0012683470
+0092835392
-0001533271
+0000000000
-0000684475
+0000000000
+0000729035
+0000033333
04
-0013215744
+0093548704
-0001499679
+0000000000
-0000684475
+0000000000
+0000729035
+0000033333
04
-0013748018
+0094230960
-0001466087
+0000000000
-0000684475
+0000000000
+0000729035
+0000033333
04
-0014280293
+0094882080
-0001432495
+0000000000
-0000684475
+0000000000
+0000729035
+0000033333
04
-0014812567
+0095502072
-0001398903
+0000000000
-0000684475
+0000000000
+0000729035
+0000033333
04
-0015344841
+0096090944
-0001365311
+0000000000
-0000684475
+0000000000
+0000729035
+0000033333
04
-0015877115
+0096648744
-0001331719
+0000000000
-0000684475
+0000000000
+0000729035
+0000033333
04
-0016409389
+0097175416
-0001298127
+0000000000
-0000684475
+0000000000
+0000729035
+0000033333
04
-0016941664
+0097670960
-0001264535
+0000000000
-0000684475
+0000000000
+0000729035
+0000033333
04
-0017483248
+0098142944
-0001230355
+0000000000
-0000684475
+0000000000
+0000729035
+0000033916
04
-0018015540
+0098575744
-0001197032
+0000000000
-0000684475
+0000000000
+0000729035
+0000033333
04
-0018547888
+0098977416
-0001164629
+0000000000
-0000684475
+0000000000
+0000729035
+0000033333
04
-0019080348
+0099347960
-0001134137
+0000000000
-0000684475
+0000000000
+0000729035
+0000033333
04
-0019612968
+0099687440
-0001106555
+0000000000
-0000684475
+0000000000
+0000729035
+0000033333
04
-0020148402
+0099997128
-0001082724
+0000000000
-0000684475
+0000000000
+0000729035
+0000033497
04
-0020681398
+0100274232
-0001063794
+0000000000
-0000684475
+0000000000
+0000729035
+0000033333
04
-0021214568
+0100520200
-0001050521
+0000000000
-0000684475
+0000000000
+0000729035
+0000033333
04
-0021755706
+0100737728
-0001043635
+0000000000
-0000684475
+0000000000
+0000729035
+0000033824
04
-0022289040
+0100921024
-0001044142
+0000000000
-0000684475
+0000000000
+0000729035
+0000033333
04
-0022822304
+0101073184
-0001052692
+0000000000
-0000684475
+0000000000
+0000729035
+0000033333
04
-0023355356
+0101194216
-0001069994
+0000000000
-0000684475
+0000000000
+0000729035
+0000033333
04
-0023888020
+0101284176
-0001096719
+0000000000
-0000684475
+0000000000
+0000729035
+0000033333
04
-0024420082
+0101343016
-0001133501
+0000000000
-0000684475
+0000000000
+0000729035
+0000033333
04
-0024951302
+0101370728
-0001180935
+0000000000
-0000684475
+0000000000
+0000729035
+0000033333
04
-0025481402
+0101367368
-0001239579
+0000000000
-0000684475
+0000000000
+0000729035
+0000033333
04
-0026010824
+0101332888
-0001304043
+0000000000
-0000684475
+0000000000
+0000729035
+0000033333
04
-0026539612
+0101267272
-0001373524
+0000000000
-0000684475
+0000000000
+0000729035
+0000033333
04
-0027067794
+0101170536
-0001447466
+0000000000
-0000684475
+0000000000
+0000729035
+0000033333
04
-0027595616
+0101042728
-0001523957
+0000000000
-0000684475
+0000000000
+0000729035
+0000033333
04
-0028127246
+0100882384
-0001601631
+0000000000
-0000684475
+0000000000
+0000729035
+0000033579
04
-0028683728
+0100679928
-0001683196
+0000000000
-0000684475
+0000000000
+0000729035
+0000035151
04
-0029211402
+0100456848
-0001760672
+0000000000
-0000684475
+0000000000
+0000729035
+0000033333
04
-0029739110
+0100202640
-0001837927
+0000000000
-0000684475
+0000000000
+0000729035
+0000033333
04
-0030266914
+0099917360
-0001914524
+0000000000
-0000684475
+0000000000
+0000729035
+0000033333
04
-0030794870
+0099600952
-0001990063
+0000000000
-0000684475
+0000000000
+0000729035
+0000033333
04
-0031323002
+0099253416
-0002064364
+0000000000
-0000684475
+0000000000
+0000729035
+0000033333
04
-0031851300
+0098874752
-0002137481
+0000000000
-0000684475
+0000000000
+0000729035
+0000033333
04
-0032379784
+0098465024
-0002209236
+0000000000
-0000684475
+0000000000
+0000729035
+0000033333
04
-0032908444
+0098024168
-0002279686
+0000000000
-0000684475
+0000000000
+0000729035
+0000033333
04
-0033437268
+0097353024
-0002348887
+0000000000
-0000707585
+0000000000
+0000706627
+0000033333
04
-0034018404
+0097372928
-0002393138
+0000000000
-0000716321
+0000000000
+0000697770
+0000033333
00
-0035187548
+0097353024
-0002482163
+0000000000
-0000722084
+0000000000
+0000691805
+0000067060
00
-0035768688
+0097333128
-0002526414
+0000000000
-0000725898
+0000000000
+0000687801
+0000033333
00
-0036349828
+0097353024
-0002570665
+0000000000
-0000728428
+0000000000
+0000685121
+0000033333
00
-0036930964
+0097372928
-0002614916
+0000000000
-0000730110
+0000000000
+0000683328
+0000033333
00
-0037512104
+0098241824
-0002659167
+0000000000
-0000735130
+0000000000
+0000677925
+0000033333
04
-0038043900
+0099079592
-0002699661
+0000000000
-0000735130
+0000000000
+0000677925
+0000033333
04
-0038575696
+0099886232
-0002740154
+0000000000
-0000735130
+0000000000
+0000677925
+0000033333
04
-0039107492
+0100661808
-0002780648
+0000000000
-0000735130
+0000000000
+0000677925
+0000033333
04
-0039639288
+0101406248
-0002821141
+0000000000
-0000735130
+0000000000
+0000677925
+0000033333
04
-0040171080
+0102119568
-0002861635
+0000000000
-0000735130
+0000000000
+0000677925
+0000033333
04
-0040702876
+0102801760
-0002902128
+0000000000
-0000735130
+0000000000
+0000677925
+0000033333
04
-0041234672
+0103452880
-0002942622
+0000000000
-0000735130
+0000000000
+0000677925
+0000033333
04
-0041766468
+0104072872
-0002983115
+0000000000
-0000735130
+0000000000
+0000677925
+0000033333
04
-0042298264
+0104661744
-0003023609
+0000000000
-0000735130
+0000000000
+0000677925
+0000033333
04
-0042830060
+0105219544
-0003064102
+0000000000
-0000735130
+0000000000
+0000677925
+0000033333
04
-0043361856
+0105746216
-0003104596
+0000000000
-0000735130
+0000000000
+0000677925
+0000033333
04
-0043893652
+0106241760
-0003145089
+0000000000
-0000735130
+0000000000
+0000677925
+0000033333
04
-0044425444
+0106706176
-0003185583
+0000000000
-0000735130
+0000000000
+0000677925
+0000033333
04
-0044957240
+0107139528
-0003226076
+0000000000
-0000735130
+0000000000
+0000677925
+0000033333
04
-0045489036
+0107541752
-0003266569
+0000000000
-0000735130
+0000000000
+0000677925
+0000033333
04
-0046020832
+0107912840
-0003307063
+0000000000
-0000735130
+0000000000
+0000677925
+0000033333
04
-0046552628
+0108252808
-0003347556
+0000000000
-0000735130
+0000000000
+0000677925
+0000033333
04
-0047084424
+0108561704
-0003388050
+0000000000
-0000735130
+0000000000
+0000677925
+0000033333
04
-0047616220
+0108839480
-0003428543
+0000000000
-0000735130
+0000000000
+0000677925
+0000033333
04
-0048148016
+0109086120
-0003469037
+0000000000
-0000735130
+0000000000
+0000677925
+0000033333
04
-0048679808
+0109301696
-0003509530
+0000000000
-0000735130
+0000000000
+0000677925
+0000033333
04
-0049211604
+0109486144
-0003550024
+0000000000
-0000735130
+0000000000
+0000677925
+0000033333
04
-0049743400
+0109639464
-0003590517
+0000000000
-0000735130
+0000000000
+0000677925
+0000033333
04
-0050275196
+0109761720
-0003631011
+0000000000
-0000735130
+0000000000
+0000677925
+0000033333
04
-0050806992
+0109852848
-0003671504
+0000000000
-0000735130
+0000000000
+0000677925
+0000033333
04
-0051338788
+0109912840
-0003711998
+0000000000
-0000735130
+0000000000
+0000677925
+0000033333
04
-0051887012
+0109941648
-0003753743
+0000000000
-0000735130
+0000000000
+0000677925
+0000034363
04
-0052418808
+0109938480
-0003794236
+0000000000
-0000735130
+0000000000
+0000677925
+0000033333
04
-0052950604
+0109904176
-0003834730
+0000000000
-0000735130
+0000000000
+0000677925
+0000033333
04
-0053482400
+0109838744
-0003875223
+0000000000
-0000735130
+0000000000
+0000677925
+0000033333
04
-0054014196
+0109742248
-0003915717
+0000000000
-0000735130
+0000000000
+0000677925
+0000033333
04
-0054545988
+0109614624
-0003956210
+0000000000
-0000735130
+0000000000
+0000677925
+0000033333
04
-0055077784
+0109455872
-0003996703
+0000000000
-0000735130
+0000000000
+0000677925
+0000033333
04
-0055609580
+0109265992
-0004037196
+0000000000
-0000735130
+0000000000
+0000677925
+0000033333
04
-0056141376
+0109045040
-0004077690
+0000000000
-0000735130
+0000000000
+0000677925
+0000033333
04
-0056673172
+0108792968
-0004118183
+0000000000
-0000735130
+0000000000
+0000677925
+0000033333
04
-0057204968
+0108509768
-0004158677
+0000000000
-0000735130
+0000000000
+0000677925
+0000033333
04
-0057736764
+0108195496
-0004199170
+0000000000
-0000735130
+0000000000
+0000677925
+0000033333
04
-0058268560
+0107850096
-0004239664
+0000000000
-0000735130
+0000000000
+0000677925
+0000033333
04
-0058800356
+0107473568
-0004280157
+0000000000
-0000735130
+0000000000
+0000677925
+0000033333
04
-0059332148
+0107065920
-0004320651
+0000000000
-0000735130
+0000000000
+0000677925
+0000033333
04
-0059863944
+0106627200
-0004361144
+0000000000
-0000735130
+0000000000
+0000677925
+0000033333
04
-0060395740
+0106157352
-0004401637
+0000000000
-0000735130
+0000000000
+0000677925
+0000033333
04
-0060929640
+0105654296
-0004442291
+0000000000
-0000735130
+0000000000
+0000677925
+0000033465
04
-0061461436
+0105122072
-0004482784
+0000000000
-0000735130
+0000000000
+0000677925
+0000033333
04
-0061993232
+0104558776
-0004523277
+0000000000
-0000735130
+0000000000
+0000677925
+0000033333
04
-0062525028
+0103964352
-0004563770
+0000000000
-0000735130
+0000000000
+0000677925
+0000033333
04
-0063321336
+0104833248
-0004624403
+0000000000
-0000733452
+0000000000
+0000679740
+0000033333
04
-0063853132
+0105671024
-0004664896
+0000000000
-0000733452
+0000000000
+0000679740
+0000033333
04
-0064385004
+0106477664
-0004704370
+0000000000
-0000733452
+0000000000
+0000679740
+0000033333
04
-0064917076
+0107253232
-0004740947
+0000000000
-0000733452
+0000000000
+0000679740
+0000033333
04
-0065449540
+0107997680
-0004771466
+0000000000
-0000733452
+0000000000
+0000679740
+0000033333
04
-0065982392
+0108711000
-0004794117
+0000000000
-0000733452
+0000000000
+0000679740
+0000033333
04
-0066556656
+0109443112
-0004802937
+0000000000
-0000733452
+0000000000
+0000679740
+0000035895
04
-0067089960
+0110091856
-0004797079
+0000000000
-0000733452
+0000000000
+0000679740
+0000033333
04
-0067622936
+0110709472
-0004777593
+0000000000
-0000733452
+0000000000
+0000679740
+0000033333
04
-0068155264
+0111295960
-0004744901
+0000000000
-0000733452
+0000000000
+0000679740
+0000033333
04
-0068686664
+0111851320
-0004699428
+0000000000
-0000733452
+0000000000
+0000679740
+0000033333
04
-0069216848
+0112375608
-0004641598
+0000000000
-0000733452
+0000000000
+0000679740
+0000033333
04
-0069745600
+0112868776
-0004571834
+0000000000
-0000733452
+0000000000
+0000679740
+0000033333
04
-0070273320
+0113330808
-0004494707
+0000000000
-0000733452
+0000000000
+0000679740
+0000033333
04
-0070800584
+0113761720
-0004414458
+0000000000
-0000733452
+0000000000
+0000679740
+0000033333
04
-0071327840
+0114161560
-0004334209
+0000000000
-0000733452
+0000000000
+0000679740
+0000033333
04
-0071920872
+0114571896
-0004243950
+0000000000
-0000733452
+0000000000
+0000679740
+0000037491
04
-0072448136
+0114905640
-0004163700
+0000000000
-0000733452
+0000000000
+0000679740
+0000033333
04
-0072975272
+0115208248
-0004083559
+0000000000
-0000733452
+0000000000
+0000679740
+0000033333
04
-0073501624
+0115479736
-0004003512
+0000000000
-0000733452
+0000000000
+0000679740
+0000033333
04
-0074025664
+0115720152
-0003923552
+0000000000
-0000733452
+0000000000
+0000679740
+0000033333
04
-0074545480
+0115929440
-0003843689
+0000000000
-0000733452
+0000000000
+0000679740
+0000033333
04
-0075058880
+0116107608
-0003763968
+0000000000
-0000733452
+0000000000
+0000679740
+0000033333
04
-0075563320
+0116254640
-0003684448
+0000000000
-0000733452
+0000000000
+0000679740
+0000033333
04
-0076055792
+0116370608
-0003605195
+0000000000
-0000733452
+0000000000
+0000679740
+0000033333
04
-0076532888
+0116455448
-0003526285
+0000000000
-0000733452
+0000000000
+0000679740
+0000033333
04
-0076990768
+0116509152
-0003447804
+0000000000
-0000733452
+0000000000
+0000679740
+0000033333
04
-0077425864
+0116531736
-0003369831
+0000000000
-0000733452
+0000000000
+0000679740
+0000033333
04
-0077838184
+0116523256
-0003292366
+0000000000
-0000733452
+0000000000
+0000679740
+0000033333
04
-0078227712
+0116483640
-0003215410
+0000000000
-0000733452
+0000000000
+0000679740
+0000033333
04
-0078594472
+0116412904
-0003138963
+0000000000
-0000733452
+0000000000
+0000679740
+0000033333
04
-0078938456
+0116311096
-0003063023
+0000000000
-0000733452
+0000000000
+0000679740
+0000033333
04
-0079259648
+0116178160
-0002987592
+0000000000
-0000733452
+0000000000
+0000679740
+0000033333
04
-0079558064
+0116014096
-0002912670
+0000000000
-0000733452
+0000000000
+0000679740
+0000033333
04
-0079833592
+0115818968
-0002838131
+0000000000
-0000733452
+0000000000
+0000679740
+0000033333
04
-0080086224
+0115592712
-0002763975
+0000000000
-0000733452
+0000000000
+0000679740
+0000033333
04
-0080315968
+0115335328
-0002690204
+0000000000
-0000733452
+0000000000
+0000679740
+0000033333
04
-0080522816
+0115046816
-0002616815
+0000000000
-0000733452
+0000000000
+0000679740
+0000033333
04
-0080706776
+0114727232
-0002543811
+0000000000
-0000733452
+0000000000
+0000679740
+0000033333
04
-0080867840
+0114376528
-0002471190
+0000000000
-0000733452
+0000000000
+0000679740
+0000033333
04
-0081007544
+0113990112
-0002398157
+0000000000
-0000733452
+0000000000
+0000679740
+0000033700
04
-0081122832
+0113576840
-0002326303
+0000000000
-0000733452
+0000000000
+0000679740
+0000033333
04
-0081215224
+0113132448
-0002254834
+0000000000
-0000733452
+0000000000
+0000679740
+0000033333
04
-0081284728
+0112656920
-0002183747
+0000000000
-0000733452
+0000000000
+0000679740
+0000033333
04
-0081331336
+0112150328
-0002113045
+0000000000
-0000733452
+0000000000
+0000679740
+0000033333
04
-0081355056
+0111612608
-0002042726
+0000000000
-0000733452
+0000000000
+0000679740
+0000033333
04
-0081355880
+0111043760
-0001972791
+0000000000
-0000733452
+0000000000
+0000679740
+0000033333
04
-0081333688
+0110443784
-0001903351
+0000000000
-0000733452
+0000000000
+0000679740
+0000033333
04
-0081290264
+0109812744
-0001836401
+0000000000
-0000733452
+0000000000
+0000679740
+0000033333
04
-0081233952
+0109150576
-0001773237
+0000000000
-0000733452
+0000000000
+0000679740
+0000033333
04
-0081173464
+0108457272
-0001713810
+0000000000
-0000733452
+0000000000
+0000679740
+0000033333
04
-0081112968
+0107732912
-0001654382
+0000000000
-0000733452
+0000000000
+0000679740
+0000033333
04
-0081052472
+0106977416
-0001594955
+0000000000
-0000733452
+0000000000
+0000679740
+0000033333
04
-0080991984
+0106190792
-0001535528
+0000000000
-0000733452
+0000000000
+0000679740
+0000033333
04
-0080931488
+0105373048
-0001476101
+0000000000
-0000733452
+0000000000
+0000679740
+0000033333
04
-0080870992
+0104524232
-0001416673
+0000000000
-0000733452
+0000000000
+0000679740
+0000033333
04
-0080810504
+0103253048
-0001357246
+0000000000
-0000404605
+0000000000
+0000914491
+0000033333
04
-0080810504
+0103253048
-0001357246
+0000000000
-0000009707
+0000000000
+0000999952
+0000033333
01
-0080810504
+0103253048
-0001357246
+0000000000
+0000386774
+0000000000
+0000922174
+0000033333
01
-0080810504
+0103253048
-0001357246
+0000000000
+0000386774
+0000000000
+0000922174
+0000033333
01
-0080810504
+0103253048
-0001357246
+0000000000
+0000386774
+0000000000
+0000922174
+0000033333
01
-0080810504
+0103253048
-0001357246
+0000000000
+0000386774
+0000000000
+0000922174
+0000033333
01
-0080810504
+0103253048
-0001357246
+0000000000
+0000386774
+0000000000
+0000922174
+0000033333
01
-0080810504
+0103253048
-0001357246
+0000000000
+0000386774
+0000000000
+0000922174
+0000035151
01
-0080810504
+0103253048
-0001357246
+0000000000
+0000386774
+0000000000
+0000922174
+0000033333
01
-0080810504
+0103253048
-0001357246
+0000000000
+0000386774
+0000000000
+0000922174
+0000033333
01
-0080810504
+0103253048
-0001357246
+0000000000
+0000386774
+0000000000
+0000922174
+0000033333
01
-0080810504
+0103253048
-0001357246
+0000000000
+0000386774
+0000000000
+0000922174
+0000033333
01
-0080810504
+0103253048
-0001357246
+0000000000
+0000386774
+0000000000
+0000922174
+0000033333
01
-0080810504
+0103253048
-0001357246
+0000000000
+0000386774
+0000000000
+0000922174
+0000033333
01
-0080810504
+0103253048
-0001357246
+0000000000
+0000386774
+0000000000
+0000922174
+0000033333
01
-0080810504
+0103253048
-0001357246
+0000000000
+0000386774
+0000000000
+0000922174
+0000035855
01
-0080810504
+0103253048
-0001357246
+0000000000
+0000386774
+0000000000
+0000922174
+0000033333
01
-0080810504
+0103253048
-0001357246
+0000000000
+0000386774
+0000000000
+0000922174
+0000033333
01
